#DataThief C:\Users\heinc\Documents\lake data\hypsography\MODFLOW plainfield inset\buffer lakes\curve\alpine.png Monday 8-Nov-2021 7:43:32 AM
-0.1609, -0.0228
0.4897, -0.0226
1.1404, -0.0225
1.791, -0.0223
2.4417, -0.0221
3.0924, -0.022
3.7429, -0.0218
4.3937, -0.0217
5.0443, -0.0215
5.6949, -0.0213
6.3456, -0.0212
6.9963, -0.021
7.647, -0.0209
8.2976, -0.0207
8.9483, -0.0205
9.5989, -0.0204
10.2496, -0.0202
10.9003, -0.0201
11.5486, 0.0104
12.1993, 0.0106
12.8498, 0.0107
13.4983, 0.0412
14.1467, 0.0717
14.7973, 0.0719
15.448, 0.072
16.0963, 0.1025
16.7469, 0.1027
17.3976, 0.1028
18.0483, 0.103
18.6966, 0.1335
19.3473, 0.1336
19.998, 0.1338
20.6463, 0.1643
21.2947, 0.1947
21.9454, 0.1949
22.596, 0.1951
23.2467, 0.1952
23.8973, 0.1954
24.548, 0.1955
25.1963, 0.226
25.847, 0.2262
26.4977, 0.2263
27.1482, 0.2265
27.799, 0.2267
28.4496, 0.2268
29.1003, 0.227
29.7487, 0.2575
30.3993, 0.2576
31.0477, 0.2881
31.696, 0.3186
32.3467, 0.3187
32.9973, 0.3189
33.6457, 0.3494
34.2964, 0.3495
34.947, 0.3497
35.5977, 0.3498
36.2483, 0.35
36.899, 0.3502
37.5474, 0.3806
38.198, 0.3808
38.8464, 0.4113
39.4947, 0.4418
40.1454, 0.4419
40.796, 0.4421
41.4466, 0.4422
42.0951, 0.4727
42.7457, 0.4729
43.3963, 0.4729
44.047, 0.4732
44.6954, 0.5037
45.3461, 0.5038
45.9967, 0.504
46.6451, 0.5345
47.2957, 0.5346
47.9464, 0.5348
48.597, 0.535
49.2454, 0.5654
49.8961, 0.5655
50.5444, 0.596
51.1951, 0.5962
51.8457, 0.5964
52.4941, 0.6269
53.1448, 0.627
53.7953, 0.6272
54.4461, 0.6274
55.0944, 0.6578
55.745, 0.658
56.3934, 0.6885
57.0441, 0.6886
57.6925, 0.7191
58.3431, 0.7193
58.9915, 0.7498
59.6421, 0.7499
60.2928, 0.7501
60.9435, 0.7502
61.5941, 0.7504
62.2425, 0.7809
62.8931, 0.781
63.5415, 0.8115
64.1921, 0.8117
64.8428, 0.8117
65.4912, 0.8423
66.1418, 0.8425
66.7925, 0.8426
67.4408, 0.8731
68.0915, 0.8733
68.7399, 0.9037
69.3905, 0.9039
70.0412, 0.9041
70.6895, 0.9344
71.3402, 0.9346
71.9908, 0.9348
72.6415, 0.935
73.2899, 0.9655
73.9405, 0.9657
74.5889, 0.9961
75.2395, 0.9963
75.8879, 1.0268
76.5386, 1.0269
77.1869, 1.0574
77.8376, 1.0576
78.4882, 1.0577
79.1389, 1.0579
79.7894, 1.0581
80.4356, 1.1189
81.0863, 1.119
81.7346, 1.1495
82.3853, 1.1497
83.0359, 1.1498
83.6865, 1.15
84.335, 1.1804
84.9856, 1.1806
85.6362, 1.1808
86.2869, 1.1809
86.9376, 1.1811
87.5859, 1.2116
88.2343, 1.242
88.885, 1.2422
89.5333, 1.2727
90.184, 1.2728
90.8323, 1.3033
91.483, 1.3035
92.1337, 1.3035
92.7843, 1.3038
93.435, 1.304
94.0833, 1.3344
94.7317, 1.3649
95.3822, 1.3651
96.0307, 1.3956
96.6814, 1.3957
97.332, 1.3959
97.9804, 1.4264
98.631, 1.4264
99.2817, 1.4267
99.9324, 1.4268
100.5807, 1.4573
101.2314, 1.4575
101.882, 1.4576
102.5304, 1.4881
103.1787, 1.5186
103.8294, 1.5188
104.4778, 1.5492
105.1284, 1.5493
105.7791, 1.5495
106.4297, 1.5497
107.0781, 1.5802
107.7288, 1.5804
108.3771, 1.6108
109.0278, 1.611
109.6761, 1.6415
110.3268, 1.6416
110.9774, 1.6418
111.6258, 1.6723
112.2742, 1.7027
112.9247, 1.7029
113.5755, 1.7031
114.2261, 1.7032
114.8768, 1.7034
115.5274, 1.7035
116.1758, 1.734
116.8265, 1.7342
117.4748, 1.7647
118.1232, 1.7951
118.7738, 1.7953
119.4222, 1.8258
120.0729, 1.8258
120.7235, 1.826
121.3742, 1.8263
122.0248, 1.8264
122.6732, 1.8569
123.3215, 1.8874
123.9722, 1.8875
124.6206, 1.918
125.2711, 1.9182
125.9219, 1.9183
126.5702, 1.9487
127.2209, 1.9489
127.8716, 1.9491
128.5199, 1.9796
129.1706, 1.9798
129.8189, 2.0103
130.4696, 2.0104
131.1202, 2.0106
131.7686, 2.041
132.4193, 2.0412
133.0676, 2.0717
133.7183, 2.0718
134.3666, 2.1023
135.0173, 2.1025
135.6657, 2.133
136.3163, 2.1331
136.967, 2.1333
137.6153, 2.1638
138.266, 2.1639
138.9165, 2.1641
139.565, 2.1945
140.2157, 2.1947
140.8639, 2.2252
141.5147, 2.2254
142.1653, 2.2255
142.8136, 2.256
143.4644, 2.2562
144.115, 2.2563
144.7633, 2.2868
145.414, 2.287
146.0601, 2.3477
146.7107, 2.3479
147.3591, 2.3784
148.0098, 2.3786
148.6604, 2.3787
149.3088, 2.4092
149.9594, 2.4094
150.6101, 2.4095
151.2608, 2.4097
151.9091, 2.4401
152.5575, 2.4706
153.2081, 2.4708
153.8565, 2.5013
154.507, 2.5013
155.1578, 2.5016
155.8062, 2.5321
156.4567, 2.5322
157.1052, 2.5627
157.7558, 2.5629
158.4042, 2.5933
159.0549, 2.5935
159.7032, 2.624
160.3538, 2.624
161.0045, 2.6242
161.6529, 2.6548
162.3035, 2.6549
162.9542, 2.6551
163.6026, 2.6856
164.2532, 2.6857
164.9016, 2.7162
165.5499, 2.7467
166.2006, 2.7469
166.8489, 2.7772
167.4996, 2.7774
168.1503, 2.7776
168.7986, 2.8081
169.4493, 2.8083
170.0976, 2.8388
170.746, 2.8692
171.3967, 2.8694
172.045, 2.8999
172.6957, 2.9
173.3463, 2.9002
173.9947, 2.9306
174.6453, 2.9308
175.296, 2.931
175.9444, 2.9615
176.5927, 2.992
177.2434, 2.9921
177.8917, 3.0226
178.5424, 3.0228
179.1931, 3.0229
179.8414, 3.0534
180.4921, 3.0536
181.1404, 3.084
181.7888, 3.1145
182.4394, 3.1147
183.0878, 3.1452
183.7385, 3.1453
184.3891, 3.1455
185.0375, 3.176
185.6881, 3.1761
186.3365, 3.2066
186.9872, 3.2067
187.6355, 3.2372
188.2862, 3.2374
188.9344, 3.2679
189.5852, 3.268
190.2335, 3.2985
190.8841, 3.2987
191.5326, 3.3291
192.1832, 3.3293
192.8316, 3.3598
193.4822, 3.3599
194.1306, 3.3904
194.7812, 3.3906
195.4296, 3.4211
196.0803, 3.4212
196.7286, 3.4517
197.3793, 3.4519
198.0276, 3.4823
198.676, 3.5128
199.3267, 3.513
199.975, 3.5434
200.6257, 3.5436
201.274, 3.5741
201.9247, 3.5742
202.5753, 3.5744
203.2237, 3.6049
203.8721, 3.6354
204.5227, 3.6355
205.1711, 3.666
205.8216, 3.6662
206.4701, 3.6966
207.1208, 3.6968
207.7691, 3.7273
208.4198, 3.7274
209.0681, 3.7579
209.7165, 3.7884
210.3671, 3.7886
211.0155, 3.819
211.6662, 3.8192
212.3168, 3.8194
212.9651, 3.8498
213.6158, 3.85
214.2642, 3.8805
214.9125, 3.9109
215.5609, 3.9414
216.2093, 3.9719
216.8599, 3.9721
217.5083, 4.0025
218.1589, 4.0027
218.8096, 4.0029
219.458, 4.0333
220.1086, 4.0335
220.757, 4.064
221.4076, 4.0641
222.056, 4.0946
222.7066, 4.0948
223.3573, 4.0949
224.0057, 4.1254
224.6517, 4.1862
225.3024, 4.1864
225.9506, 4.2169
226.6014, 4.217
227.2521, 4.2172
227.9003, 4.2477
228.5511, 4.2478
229.1994, 4.2783
229.85, 4.2784
230.4984, 4.3089
231.1468, 4.3394
231.7974, 4.3396
232.4458, 4.37
233.0965, 4.3702
233.7448, 4.4007
234.3932, 4.4312
235.0415, 4.4616
235.6922, 4.4618
236.3406, 4.4923
236.9912, 4.4924
237.6419, 4.4926
238.2902, 4.5231
238.9409, 4.5232
239.5893, 4.5537
240.2376, 4.5842
240.8883, 4.5844
241.5366, 4.6148
242.1873, 4.615
242.8356, 4.6455
243.4817, 4.7063
244.1324, 4.7064
244.7807, 4.7368
245.4314, 4.737
246.082, 4.7372
246.7327, 4.7374
247.381, 4.7679
248.0317, 4.768
248.6801, 4.7985
249.3284, 4.829
249.9768, 4.8595
250.6251, 4.8899
251.2758, 4.8901
251.9242, 4.9205
252.5725, 4.951
253.2232, 4.9512
253.8715, 4.9817
254.5199, 5.0122
255.1705, 5.0123
255.8189, 5.0428
256.4696, 5.043
257.1179, 5.0734
257.7663, 5.1039
258.4169, 5.1041
259.0653, 5.1346
259.7159, 5.1347
260.3666, 5.1349
261.0127, 5.1957
261.6633, 5.1958
262.3117, 5.2263
262.9623, 5.2265
263.6107, 5.257
264.2614, 5.257
264.9097, 5.2876
265.5558, 5.3484
266.2064, 5.3485
266.8548, 5.379
267.5053, 5.3792
268.1538, 5.4097
268.8045, 5.4098
269.4527, 5.4403
270.1035, 5.4405
270.7518, 5.4708
271.4002, 5.5013
272.0485, 5.5319
272.6992, 5.5321
273.3476, 5.5625
273.9982, 5.5627
274.6465, 5.5932
275.2949, 5.6237
275.9456, 5.6238
276.5939, 5.6543
277.2423, 5.6848
277.8907, 5.7151
278.5413, 5.7154
279.1897, 5.7459
279.838, 5.7764
280.4887, 5.7765
281.1371, 5.807
281.7854, 5.8375
282.4361, 5.8376
283.0844, 5.8681
283.7305, 5.9289
284.3811, 5.9291
285.0295, 5.9596
285.6802, 5.9597
286.3285, 5.9902
286.9769, 6.0207
287.6252, 6.0511
288.2759, 6.0513
288.9243, 6.0818
289.5749, 6.0819
290.2233, 6.1124
290.8716, 6.1429
291.52, 6.1734
292.1683, 6.2039
292.819, 6.204
293.4674, 6.2345
294.1179, 6.2347
294.7664, 6.2651
295.4147, 6.2955
296.0654, 6.2958
296.7137, 6.3262
297.362, 6.3567
298.0128, 6.3569
298.6588, 6.4177
299.3072, 6.4482
299.9578, 6.4483
300.6061, 6.4788
301.2568, 6.479
301.9052, 6.5093
302.5535, 6.5399
303.2019, 6.5704
303.8502, 6.6009
304.5009, 6.601
305.1493, 6.6315
305.7976, 6.662
306.446, 6.6925
307.0967, 6.6926
307.745, 6.7231
308.3957, 6.7233
309.0417, 6.7841
309.6901, 6.8145
310.3408, 6.8147
310.9891, 6.8452
311.6352, 6.906
312.2835, 6.9365
312.9342, 6.9365
313.5825, 6.967
314.2309, 6.9976
314.8793, 7.028
315.5299, 7.0282
316.1783, 7.0587
316.8266, 7.0892
317.4773, 7.0893
318.1256, 7.1198
318.774, 7.1503
319.4224, 7.1808
320.0707, 7.2112
320.7214, 7.2114
321.3697, 7.2419
322.0181, 7.2724
322.6642, 7.3331
323.3148, 7.3333
323.9632, 7.3638
324.6115, 7.3942
325.2599, 7.4247
325.9104, 7.4249
326.5589, 7.4554
327.2073, 7.4859
327.8556, 7.5163
328.504, 7.5468
329.1522, 7.5773
329.8007, 7.6078
330.449, 7.6381
331.0974, 7.6686
331.7481, 7.6689
332.3963, 7.6994
333.0448, 7.7298
333.6931, 7.7603
334.3415, 7.7908
334.9898, 7.8213
335.6381, 7.8518
336.2866, 7.8822
336.9348, 7.9127
337.5833, 7.9432
338.2316, 7.9737
338.8822, 7.9738
339.5283, 8.0346
340.1767, 8.0651
340.8274, 8.0653
341.4734, 8.1261
342.1218, 8.1565
342.7724, 8.1567
343.4208, 8.1872
344.0715, 8.1873
344.7151, 8.2784
345.3659, 8.2786
346.0142, 8.3091
346.6649, 8.3092
347.3063, 8.4307
347.9524, 8.4915
348.603, 8.4916
349.2514, 8.5221
349.9021, 8.5223
350.5481, 8.5831
351.1965, 8.6135
351.8448, 8.644
352.4932, 8.6745
353.1392, 8.7353
353.7875, 8.7658
354.4337, 8.8266
355.082, 8.8571
355.7304, 8.8875
356.3787, 8.918
357.0248, 8.9788
357.6731, 9.0093
358.3169, 9.1004
358.963, 9.1612
359.6113, 9.1917
360.2597, 9.2221
360.9034, 9.3133
361.5449, 9.4346
362.1955, 9.4349
362.8439, 9.4653
363.4876, 9.5564
364.1314, 9.6476
364.7798, 9.678
365.4281, 9.7085
366.0742, 9.7692
366.7179, 9.8604
367.3617, 9.9515
368.01, 9.982
368.6561, 10.0428
369.3022, 10.1036
369.9482, 10.1644
370.5943, 10.2252
371.2403, 10.286
371.8841, 10.3771
372.5278, 10.4682
373.1739, 10.529
373.8199, 10.5897
374.466, 10.6505
375.1098, 10.7417
375.7534, 10.8328
376.3996, 10.8936
377.0456, 10.9544
377.694, 10.9849
378.3377, 11.076
378.9792, 11.1974
379.6252, 11.2582
380.2736, 11.2887
380.915, 11.4102
381.5542, 11.5619
382.198, 11.653
382.8463, 11.6835
383.4947, 11.714
384.1269, 11.9567
384.773, 12.0175
385.4213, 12.0479
386.0651, 12.1391
386.6973, 12.3818
387.3434, 12.4426
387.9917, 12.4729
388.6378, 12.5338
389.2747, 12.7159
389.9092, 12.9283
390.5553, 12.9891
391.2013, 13.0499
391.8336, 13.2926
392.4658, 13.5352
393.1096, 13.6263
393.7532, 13.7175
394.3764, 14.0815
395.0017, 14.4151
395.6432, 14.5366
396.2777, 14.749
396.2777, 14.749
