#DataThief C:\Users\heinc\Documents\lake data\hypsography\MODFLOW plainfield inset\buffer lakes\curve\bailey.png Sunday 7-Nov-2021 7:23:48 AM
12.6345, 1.0787
13.1753, 1.0787
13.716, 1.0787
14.2567, 1.0787
14.7974, 1.0787
15.3382, 1.0787
15.8789, 1.0787
16.1492, 1.0787
16.6896, 1.1601
17.2303, 1.1601
17.771, 1.1601
18.3118, 1.1601
18.8525, 1.1601
19.3932, 1.1601
19.6636, 1.1601
20.2043, 1.1601
20.7447, 1.2415
21.2854, 1.2415
21.826, 1.2415
22.3668, 1.2415
22.6368, 1.3229
23.1775, 1.3229
23.7183, 1.3229
24.259, 1.3229
24.7997, 1.3229
25.3404, 1.3229
25.8812, 1.3229
26.1515, 1.3229
26.6922, 1.3229
27.2326, 1.4043
27.7732, 1.4043
28.3141, 1.4043
28.8548, 1.4043
29.3955, 1.4043
29.6659, 1.4043
30.2062, 1.4858
30.7469, 1.4858
31.2877, 1.4858
31.8279, 1.5672
32.3687, 1.5672
32.6391, 1.5672
33.1795, 1.6486
33.7198, 1.73
34.2602, 1.8114
34.8009, 1.8114
35.3409, 1.9742
35.8816, 1.9742
36.1516, 2.0556
36.6923, 2.0556
37.2327, 2.137
37.773, 2.2185
38.3134, 2.2999
38.8538, 2.3813
39.3941, 2.4627
39.6641, 2.5441
40.2045, 2.6255
40.7448, 2.7069
41.2854, 2.7069
41.8255, 2.8697
42.3659, 2.9512
42.6359, 3.0326
43.1762, 3.114
43.7166, 3.1954
44.2569, 3.2768
44.7973, 3.3582
45.3373, 3.521
45.8777, 3.6024
46.148, 3.6024
46.6884, 3.6839
47.2284, 3.8467
47.7687, 3.9281
48.3091, 4.0095
48.8494, 4.0909
49.3898, 4.1723
49.6598, 4.2537
50.2005, 4.2537
50.7409, 4.3351
51.2812, 4.4166
51.8216, 4.498
52.3618, 4.5794
52.9022, 4.6608
53.1726, 4.6608
53.713, 4.7422
54.2537, 4.7422
54.7941, 4.8235
55.3344, 4.905
55.8748, 4.9864
56.1452, 4.9864
56.6855, 5.0678
57.2262, 5.0678
57.7662, 5.2307
58.3069, 5.2307
58.8473, 5.3121
59.388, 5.3121
59.658, 5.3935
60.1987, 5.3935
60.7391, 5.4748
61.2795, 5.5563
61.8197, 5.6377
62.3605, 5.6377
62.9009, 5.7191
63.1713, 5.7191
63.7116, 5.8005
64.2523, 5.8005
64.7927, 5.882
65.333, 5.9634
65.8738, 5.9634
66.1438, 6.0448
66.6844, 6.0448
67.2248, 6.1262
67.7652, 6.2076
68.3059, 6.2076
68.8463, 6.289
69.3866, 6.3704
69.657, 6.3704
70.1977, 6.3704
70.7381, 6.4518
71.2784, 6.5332
71.8188, 6.6147
72.3595, 6.6147
72.9002, 6.6147
73.1702, 6.6961
73.7109, 6.6961
74.2513, 6.7774
74.7917, 6.8589
75.3324, 6.8589
75.8727, 6.9403
76.1431, 6.9403
76.6838, 6.9403
77.2242, 7.0217
77.7649, 7.0217
78.3053, 7.1031
78.846, 7.1031
79.3862, 7.1844
79.6566, 7.1844
80.1971, 7.2659
80.7378, 7.2659
81.2785, 7.2659
81.8189, 7.3474
82.3592, 7.4288
82.8999, 7.4288
83.1703, 7.4288
83.7107, 7.5102
84.251, 7.5916
84.7917, 7.5916
85.3325, 7.5916
85.8728, 7.673
86.1432, 7.673
86.6835, 7.7544
87.2239, 7.8357
87.7646, 7.8357
88.305, 7.9172
88.8453, 7.9986
89.3857, 8.0801
89.6561, 8.0801
90.1964, 8.1615
90.7368, 8.2429
91.2775, 8.2429
91.8178, 8.3243
92.3582, 8.4057
92.8986, 8.487
93.1686, 8.5685
93.7093, 8.5685
94.2496, 8.6499
94.7896, 8.8128
95.33, 8.8942
95.8707, 8.8942
96.1407, 8.9756
96.6811, 9.057
97.2214, 9.1384
97.7618, 9.2198
98.3021, 9.3012
98.8425, 9.3826
99.3828, 9.464
99.6528, 9.5455
100.1936, 9.5455
100.7339, 9.6269
101.2739, 9.7896
101.8146, 9.7896
102.355, 9.8711
102.895, 10.0339
103.1653, 10.0339
103.7053, 10.1967
104.246, 10.1967
104.7864, 10.2782
105.3268, 10.3596
105.8667, 10.5224
106.1371, 10.5224
106.6775, 10.6038
107.2178, 10.6852
107.7582, 10.7666
108.2985, 10.8479
108.8389, 10.9294
109.3792, 11.0109
109.6496, 11.0109
110.1896, 11.1737
110.73, 11.2551
111.2703, 11.3365
111.8107, 11.4179
112.351, 11.4993
112.8914, 11.5807
113.1614, 11.6621
113.7017, 11.7436
114.2421, 11.825
114.7824, 11.9064
115.3228, 11.9878
115.8632, 12.0692
116.4035, 12.1506
116.6735, 12.232
117.2139, 12.3134
117.7539, 12.4763
118.2942, 12.5577
118.8346, 12.6391
119.3749, 12.7205
119.6449, 12.8018
120.1856, 12.8018
120.726, 12.8833
121.2664, 12.9647
121.8063, 13.1275
122.3467, 13.209
122.8871, 13.2904
123.157, 13.3718
123.6974, 13.4532
124.2378, 13.5346
124.7781, 13.616
125.3185, 13.6974
125.8585, 13.8601
126.3988, 13.9417
126.6692, 13.9417
127.2092, 14.1045
127.7495, 14.1859
128.2899, 14.2673
128.8302, 14.3487
129.3706, 14.4301
129.6406, 14.5114
130.1809, 14.5929
130.7208, 14.7558
131.2612, 14.8372
131.8016, 14.9186
132.342, 15.0
132.8824, 15.0814
133.1524, 15.1628
133.6926, 15.2442
134.2327, 15.4071
134.7731, 15.4885
135.3134, 15.5699
135.8538, 15.6513
136.3938, 15.8141
136.6641, 15.8141
137.2041, 15.9769
137.7445, 16.0583
138.2848, 16.1398
138.8252, 16.2212
139.3652, 16.384
139.6355, 16.384
140.1759, 16.4654
140.7159, 16.6282
141.2562, 16.7096
141.7966, 16.791
142.3366, 16.9539
142.8766, 17.1167
143.1469, 17.1167
143.6873, 17.1981
144.2273, 17.3609
144.7675, 17.4423
145.308, 17.5237
145.8479, 17.6865
146.3883, 17.768
146.6587, 17.768
147.1987, 17.9308
147.7389, 18.0122
148.2793, 18.0936
148.8194, 18.2564
149.3597, 18.3378
149.8997, 18.5007
150.1701, 18.5007
150.7101, 18.6635
151.2504, 18.7449
151.7908, 18.8263
152.3312, 18.9077
152.8711, 19.0706
153.1411, 19.152
153.6815, 19.2334
154.2215, 19.3961
154.7618, 19.4776
155.3022, 19.559
155.8422, 19.7218
156.3825, 19.8033
156.6529, 19.8033
157.1929, 19.9661
157.7332, 20.0475
158.2736, 20.1289
158.8136, 20.2917
159.354, 20.3731
159.8939, 20.536
160.1643, 20.536
160.7043, 20.6987
161.2447, 20.7802
161.7846, 20.943
162.325, 21.0244
162.865, 21.1872
163.1354, 21.1872
163.6753, 21.3501
164.2157, 21.4315
164.7561, 21.5129
165.296, 21.6757
165.8364, 21.757
166.3764, 21.9199
166.6463, 22.0014
167.1867, 22.0828
167.7271, 22.1642
168.2671, 22.327
168.8074, 22.4083
169.3477, 22.4898
169.8878, 22.6526
170.1581, 22.6526
170.6981, 22.8155
171.2381, 22.9783
171.7785, 23.0597
172.3185, 23.2225
172.8585, 23.3853
173.3985, 23.5482
173.6684, 23.6296
174.2084, 23.7924
174.7484, 23.9552
175.2881, 24.1995
175.8277, 24.4437
176.3677, 24.6065
176.6377, 24.6879
177.1776, 24.8507
177.7173, 25.095
178.2572, 25.2578
178.7969, 25.502
179.3369, 25.6649
179.8769, 25.8277
180.1469, 25.9091
180.6865, 26.1533
181.2265, 26.3161
181.7661, 26.5604
182.3057, 26.8046
182.8453, 27.0488
183.3853, 27.2117
183.6553, 27.2931
184.1949, 27.5373
184.7327, 28.1886
184.9969, 29.5726
