#DataThief C:\Users\heinc\Documents\lake data\hypsography\MODFLOW plainfield inset\buffer lakes\curve\Hills182100waushara.png Sunday 7-Nov-2021 8:33:53 AM
-1.4812, -0.0126
0.4845, 0.0376
2.4641, 0.0378
4.4437, 0.0379
6.4233, 0.0381
8.4029, 0.0383
10.3825, 0.0384
12.362, 0.0386
14.3417, 0.0388
16.3214, 0.0389
18.2871, 0.0892
20.2667, 0.0894
22.2463, 0.0895
24.2259, 0.0897
26.1916, 0.14
28.1712, 0.1401
30.1508, 0.1403
32.1304, 0.1405
34.11, 0.1406
36.0758, 0.1909
38.0415, 0.2412
40.0211, 0.2413
42.0007, 0.2415
43.9664, 0.2917
45.946, 0.2919
47.9256, 0.2921
49.9053, 0.2922
51.871, 0.3425
53.8506, 0.3427
55.8302, 0.3428
57.8098, 0.343
59.7894, 0.3432
61.7551, 0.3934
63.7347, 0.3936
65.7005, 0.4439
67.6801, 0.444
69.6597, 0.4442
71.6254, 0.4945
73.605, 0.4946
75.5846, 0.4948
77.5642, 0.495
79.5299, 0.5452
81.5096, 0.5453
83.4892, 0.5455
85.4549, 0.5958
87.4344, 0.596
89.4141, 0.596
91.3798, 0.6463
93.3594, 0.6465
95.339, 0.6467
97.3048, 0.697
99.2844, 0.6972
101.264, 0.6973
103.2436, 0.6975
105.2232, 0.6977
107.2028, 0.6978
109.1685, 0.7481
111.1342, 0.7984
113.1139, 0.7985
115.0935, 0.7987
117.0731, 0.7989
119.0388, 0.8491
121.0184, 0.8493
122.998, 0.8494
124.9637, 0.8997
126.9433, 0.8999
128.9229, 0.9
130.9026, 0.9002
132.8544, 1.0006
134.834, 1.0007
136.8136, 1.0009
138.7932, 1.0011
140.7728, 1.0012
142.7524, 1.0014
144.7182, 1.0517
146.6978, 1.0518
148.6774, 1.052
150.657, 1.0522
152.6366, 1.0523
154.6023, 1.1026
156.5819, 1.1028
158.5615, 1.1029
160.5411, 1.1031
162.5069, 1.1533
164.4865, 1.1535
166.4522, 1.2038
168.4318, 1.2039
170.4114, 1.2041
172.3771, 1.2544
174.3567, 1.2545
176.3363, 1.2547
178.3021, 1.305
180.2817, 1.3051
182.2612, 1.3053
184.2409, 1.3054
186.2205, 1.3056
188.1862, 1.3559
190.1519, 1.4062
192.1315, 1.4062
194.1112, 1.4064
196.0908, 1.4067
198.0565, 1.4569
200.0361, 1.4571
202.0157, 1.4572
203.9952, 1.4574
205.9609, 1.5077
207.9268, 1.5579
209.9064, 1.5581
211.886, 1.5583
213.8656, 1.5584
215.8313, 1.6087
217.8109, 1.6089
219.7905, 1.609
221.7701, 1.6092
223.7497, 1.6094
225.7155, 1.6596
227.6951, 1.6598
229.6608, 1.7101
231.6265, 1.7603
233.6061, 1.7605
235.5857, 1.7607
237.5653, 1.7608
239.531, 1.8111
241.5107, 1.8112
243.4903, 1.8114
245.4699, 1.8115
247.4495, 1.8117
249.4152, 1.862
251.3809, 1.9123
253.3605, 1.9123
255.3401, 1.9125
257.3059, 1.9628
259.2854, 1.963
261.2651, 1.9632
263.2447, 1.9634
265.2104, 2.0136
267.19, 2.0138
269.1696, 2.014
271.1492, 2.0141
273.115, 2.0644
275.0807, 2.1147
277.0603, 2.1148
279.0399, 2.115
281.0195, 2.1151
282.9851, 2.1654
284.9647, 2.1656
286.9444, 2.1657
288.9102, 2.216
290.8898, 2.2162
292.8694, 2.2163
294.849, 2.2165
296.8147, 2.2668
298.7804, 2.317
300.76, 2.3172
302.7396, 2.3174
304.7193, 2.3175
306.6989, 2.3176
308.6646, 2.3679
310.6442, 2.3681
312.6238, 2.3683
314.5895, 2.4186
316.5691, 2.4187
318.5487, 2.4189
320.5283, 2.419
322.4941, 2.4693
324.4737, 2.4695
326.4394, 2.5197
328.419, 2.5199
330.3986, 2.5201
332.3782, 2.5202
334.3439, 2.5705
336.3235, 2.5707
338.3032, 2.5708
340.2689, 2.6211
342.2485, 2.6213
344.2281, 2.6214
346.2077, 2.6216
348.1734, 2.6719
350.1392, 2.7221
352.1188, 2.7223
354.0984, 2.7225
356.0641, 2.7727
358.0437, 2.7729
360.0233, 2.773
362.0029, 2.7732
363.9686, 2.8235
365.9482, 2.8235
367.9279, 2.8237
369.9075, 2.8239
371.8732, 2.8742
373.8389, 2.9245
375.8185, 2.9247
377.7981, 2.9247
379.7638, 2.975
381.7435, 2.9752
383.7231, 2.9754
385.7027, 2.9756
387.6684, 3.0259
389.648, 3.026
391.6137, 3.0763
393.5933, 3.0765
395.5729, 3.0766
397.5525, 3.0768
399.5322, 3.0769
401.4979, 3.1272
403.4636, 3.1775
405.4432, 3.1776
407.4228, 3.1778
409.4024, 3.178
411.3681, 3.2282
413.3477, 3.2284
415.3135, 3.2787
417.2931, 3.2788
419.2727, 3.279
421.2384, 3.3293
423.218, 3.3294
425.1837, 3.3797
427.1634, 3.3799
429.143, 3.38
431.1226, 3.3801
433.0883, 3.4304
435.0679, 3.4306
437.0475, 3.4308
439.0132, 3.4809
440.9928, 3.4812
442.9724, 3.4814
444.9382, 3.5316
446.9178, 3.5318
448.8835, 3.5821
450.8631, 3.5822
452.8427, 3.5824
454.8223, 3.5826
456.788, 3.6328
458.7675, 3.633
460.7473, 3.6332
462.713, 3.6834
464.6926, 3.6836
466.6722, 3.6838
468.6379, 3.734
470.6175, 3.7342
472.5971, 3.7344
474.5767, 3.7345
476.5425, 3.7848
478.5221, 3.7849
480.5017, 3.7851
482.4813, 3.7852
484.447, 3.8355
486.4266, 3.8357
488.3923, 3.886
490.3719, 3.886
492.3516, 3.8862
494.3173, 3.9365
496.2969, 3.9367
498.2765, 3.9369
500.2561, 3.9371
502.2218, 3.9872
504.2014, 3.9875
506.181, 3.9877
508.1468, 4.0379
510.1125, 4.0882
512.0921, 4.0884
514.0717, 4.0885
516.0513, 4.0887
518.017, 4.1389
519.9966, 4.1391
521.9762, 4.1393
523.9559, 4.1394
525.9216, 4.1897
527.9012, 4.1899
529.8669, 4.2401
531.8465, 4.2403
533.8122, 4.2906
535.7917, 4.2907
537.7715, 4.2909
539.7511, 4.2911
541.7307, 4.2912
543.6964, 4.3415
545.676, 4.3417
547.6417, 4.3919
549.6213, 4.3921
551.6009, 4.3923
553.5805, 4.3924
555.5463, 4.4426
557.512, 4.4929
559.4916, 4.4931
561.4712, 4.4933
563.4369, 4.5434
565.4165, 4.5436
567.3961, 4.5439
569.3618, 4.5941
571.3415, 4.5943
573.3211, 4.5945
575.2868, 4.6447
577.2664, 4.6449
579.246, 4.6451
581.2117, 4.6953
583.1914, 4.6955
585.1571, 4.7458
587.1367, 4.7459
589.1163, 4.7461
591.0959, 4.7463
593.0616, 4.7965
595.0412, 4.7967
597.007, 4.8469
598.9866, 4.8471
600.9662, 4.8473
602.9319, 4.8975
604.9115, 4.8977
606.8772, 4.948
608.8568, 4.9481
610.8364, 4.9483
612.8159, 4.9485
614.7957, 4.9485
616.7753, 4.9487
618.741, 4.999
620.7067, 5.0493
622.6863, 5.0495
624.6659, 5.0497
626.6455, 5.0498
628.6251, 5.05
630.5909, 5.1002
632.5566, 5.1505
634.5362, 5.1507
636.5158, 5.1508
638.4954, 5.151
640.4611, 5.2013
642.4268, 5.2515
644.4064, 5.2517
646.386, 5.2519
648.3657, 5.252
650.3314, 5.3023
652.2971, 5.3526
654.2767, 5.3527
656.2563, 5.3529
658.2359, 5.3531
660.2017, 5.4033
662.1813, 5.4035
664.1609, 5.4037
666.1266, 5.4539
668.1062, 5.4541
670.0719, 5.5043
672.0515, 5.5045
674.0173, 5.5548
675.9969, 5.5549
677.9765, 5.5551
679.9422, 5.6054
681.9218, 5.6055
683.9014, 5.6057
685.881, 5.6059
687.8467, 5.6561
689.8264, 5.6562
691.806, 5.6564
693.7856, 5.6566
695.7652, 5.6568
697.7309, 5.7071
699.6966, 5.7572
701.6623, 5.8075
703.642, 5.8077
705.6216, 5.8079
707.6012, 5.8081
709.5669, 5.8582
711.5326, 5.9085
713.5122, 5.9088
715.4918, 5.9089
717.4576, 5.9592
719.4372, 5.9594
721.4168, 5.9595
723.3963, 5.9597
725.362, 6.01
727.3417, 6.0101
729.3074, 6.0604
731.287, 6.0606
733.2528, 6.1108
735.2324, 6.111
737.212, 6.1112
739.1916, 6.1113
741.1573, 6.1616
743.1369, 6.1618
745.1165, 6.1619
747.0961, 6.1621
749.0619, 6.2123
751.0415, 6.2125
753.0072, 6.2628
754.9729, 6.313
756.9525, 6.3132
758.9321, 6.3134
760.8978, 6.3636
762.8775, 6.3638
764.8571, 6.3639
766.8367, 6.3641
768.8024, 6.4144
770.782, 6.4146
772.7477, 6.4647
774.7273, 6.465
776.6931, 6.5152
778.6726, 6.5154
780.6522, 6.5156
782.6179, 6.5657
784.5976, 6.5659
786.5772, 6.5662
788.5568, 6.5663
790.5225, 6.6166
792.5021, 6.6168
794.4679, 6.667
796.4475, 6.6672
798.4271, 6.6674
800.4067, 6.6675
802.3724, 6.7178
804.3519, 6.718
806.3176, 6.7682
808.2973, 6.7684
810.2631, 6.8187
812.2288, 6.8689
814.2084, 6.8691
816.188, 6.8693
818.1676, 6.8694
820.1472, 6.8696
822.1268, 6.8698
824.0926, 6.92
826.0583, 6.9703
828.0379, 6.9704
830.0175, 6.9706
831.9971, 6.9708
833.9767, 6.9708
835.9424, 7.0212
837.9082, 7.0715
839.8878, 7.0716
841.8535, 7.1219
843.8331, 7.1221
845.8127, 7.1222
847.7923, 7.1224
849.758, 7.1727
851.7238, 7.2229
853.7034, 7.2231
855.6691, 7.2734
857.6487, 7.2735
859.6282, 7.2737
861.6078, 7.2738
863.5735, 7.3241
865.5532, 7.3243
867.519, 7.3745
869.4847, 7.4248
871.4643, 7.425
873.4439, 7.4251
875.4235, 7.4253
877.3892, 7.4756
879.3688, 7.4757
881.3484, 7.4759
883.3281, 7.4761
885.2938, 7.5263
887.2734, 7.5265
889.253, 7.5267
891.2326, 7.5268
893.1983, 7.5771
895.164, 7.6274
897.1437, 7.6275
899.1094, 7.6778
901.089, 7.6779
903.0686, 7.6781
905.0482, 7.6783
907.0139, 7.7285
908.9796, 7.7788
910.9593, 7.779
912.925, 7.8292
914.9045, 7.8294
916.8841, 7.8296
918.8638, 7.8296
920.8295, 7.88
922.8091, 7.8801
924.7749, 7.9304
926.7545, 7.9306
928.7341, 7.9308
930.6998, 7.9809
932.6794, 7.9811
934.6451, 8.0314
936.6247, 8.0316
938.6042, 8.0318
940.5701, 8.082
942.5497, 8.0822
944.5293, 8.0824
946.495, 8.1326
948.4746, 8.1328
950.4542, 8.133
952.4338, 8.1331
954.3995, 8.1834
956.3653, 8.2337
958.3449, 8.2338
960.3106, 8.2841
962.2902, 8.2843
964.2698, 8.2844
966.2494, 8.2846
968.2151, 8.3349
970.1947, 8.335
972.1605, 8.3853
974.1262, 8.4355
976.1058, 8.4357
978.0854, 8.4359
980.0511, 8.4861
982.0307, 8.4863
984.0103, 8.4865
985.99, 8.4866
987.9557, 8.5369
989.9353, 8.5371
991.901, 8.5873
993.8667, 8.6376
995.8463, 8.6378
997.8258, 8.6379
999.8056, 8.6381
1001.7713, 8.6884
1003.7509, 8.6885
1005.7166, 8.7388
1007.6962, 8.7389
1009.6619, 8.7892
1011.6277, 8.8395
1013.6073, 8.8396
1015.5869, 8.8397
1017.5665, 8.8399
1019.5322, 8.8902
1021.5118, 8.8904
1023.4914, 8.8906
1025.471, 8.8907
1027.4368, 8.9409
1029.4163, 8.9412
1031.382, 8.9914
1033.3477, 9.0417
1035.3274, 9.0419
1037.307, 9.042
1039.2727, 9.0923
1041.2524, 9.0925
1043.232, 9.0926
1045.2116, 9.0928
1047.1773, 9.1431
1049.1569, 9.1432
1051.1226, 9.1935
1053.1022, 9.1936
1055.0818, 9.1938
1057.0476, 9.2441
1059.0133, 9.2943
1060.9929, 9.2945
1062.9725, 9.2947
1064.9521, 9.2948
1066.9317, 9.295
1068.8974, 9.3453
1070.8632, 9.3955
1072.8289, 9.4458
1074.8085, 9.446
1076.7881, 9.4461
1078.7677, 9.4463
1080.7473, 9.4465
1082.713, 9.4967
1084.6787, 9.547
1086.6583, 9.5471
1088.624, 9.5974
1090.6037, 9.5976
1092.5694, 9.6478
1094.549, 9.648
1096.5286, 9.6482
1098.5082, 9.6482
1100.474, 9.6985
1102.4536, 9.6987
1104.4332, 9.6989
1106.3989, 9.7492
1108.3646, 9.7995
1110.3442, 9.7995
1112.31, 9.8498
1114.2896, 9.85
1116.2692, 9.8502
1118.2488, 9.8504
1120.2145, 9.9007
1122.1941, 9.9008
1124.1598, 9.951
1126.1256, 10.0013
1128.1052, 10.0015
1130.0709, 10.0518
1132.0505, 10.0519
1134.0162, 10.1022
1135.9819, 10.1525
1137.9615, 10.1526
1139.9412, 10.1528
1141.9207, 10.153
1143.9003, 10.1531
1145.866, 10.2034
1147.8457, 10.2036
1149.8114, 10.2538
1151.7771, 10.3041
1153.7429, 10.3544
1155.7086, 10.4046
1157.6882, 10.4048
1159.6678, 10.4049
1161.6474, 10.4051
1163.6131, 10.4554
1165.5927, 10.4555
1167.5585, 10.5058
1169.5242, 10.5561
1171.5038, 10.5562
1173.4834, 10.5564
1175.4491, 10.6067
1177.4287, 10.6068
1179.3945, 10.6571
1181.3602, 10.7074
1183.3397, 10.7075
1185.3194, 10.7077
1187.2851, 10.758
1189.2508, 10.8082
1191.2305, 10.8084
1193.1962, 10.8587
1195.1619, 10.9089
1197.1276, 10.9592
1199.1072, 10.9593
1201.0729, 11.0096
1203.0526, 11.0098
1205.0322, 11.0099
1206.9979, 11.0602
1208.9636, 11.1105
1210.9293, 11.1607
1212.9089, 11.1609
1214.8885, 11.1611
1216.8681, 11.1612
1218.8338, 11.2115
1220.8135, 11.2117
1222.7792, 11.2619
1224.7449, 11.3122
1226.7245, 11.3124
1228.6903, 11.3626
1230.6699, 11.3628
1232.6356, 11.413
1234.6013, 11.4633
1236.567, 11.5135
1238.5466, 11.5137
1240.5124, 11.564
1242.492, 11.5642
1244.4577, 11.6143
1246.4234, 11.6646
1248.3891, 11.7149
1250.3688, 11.7151
1252.3484, 11.7153
1254.328, 11.7155
1256.2937, 11.7657
1258.2594, 11.8159
1260.2251, 11.8662
1262.1909, 11.9165
1264.1705, 11.9167
1266.1501, 11.9167
1268.1297, 11.917
1270.0954, 11.9673
1272.075, 11.9674
1274.0407, 12.0177
1276.0065, 12.068
1277.9722, 12.1182
1279.9379, 12.1685
1281.9175, 12.1687
1283.8971, 12.1688
1285.8628, 12.2191
1287.8424, 12.2193
1289.8082, 12.2695
1291.7739, 12.3197
1293.7396, 12.37
1295.7191, 12.3702
1297.6848, 12.4205
1299.6646, 12.4205
1301.6303, 12.4708
1303.6099, 12.4711
1305.5756, 12.5213
1307.5413, 12.5716
1309.507, 12.6219
1311.4727, 12.6721
1313.4385, 12.7224
1315.4181, 12.7226
1317.3838, 12.7728
1319.3634, 12.773
1321.3292, 12.8233
1323.2949, 12.8735
1325.2745, 12.8737
1327.2541, 12.8739
1329.2198, 12.9241
1331.1855, 12.9744
1333.1513, 13.0246
1335.117, 13.0749
1337.0827, 13.1252
1339.0484, 13.1754
1341.028, 13.1756
1342.9938, 13.2259
1344.9595, 13.2761
1346.9391, 13.2763
1348.9048, 13.3266
1350.8843, 13.3267
1352.8639, 13.3269
1354.8298, 13.3772
1356.7955, 13.4274
1358.7612, 13.4777
1360.7408, 13.4779
1362.7204, 13.478
1364.6861, 13.5283
1366.6519, 13.5785
1368.6176, 13.6288
1370.5833, 13.6791
1372.5629, 13.6792
1374.5286, 13.7295
1376.4944, 13.7798
1378.4601, 13.83
1380.4258, 13.8803
1382.3915, 13.9306
1384.3573, 13.9808
1386.323, 14.0311
1388.3026, 14.0313
1390.2822, 14.0314
1392.2618, 14.0316
1394.2275, 14.0818
1396.1932, 14.132
1398.1451, 14.2325
1400.1108, 14.2827
1402.0904, 14.2829
1404.0561, 14.3332
1406.0219, 14.3834
1407.9876, 14.4337
1409.9672, 14.4339
1411.9329, 14.4841
1413.8986, 14.5344
1415.8643, 14.5847
1417.83, 14.6349
1419.8096, 14.6351
1421.7893, 14.6353
1423.755, 14.6855
1425.7207, 14.7358
1427.6726, 14.8361
1429.6383, 14.8864
1431.604, 14.9367
1433.5697, 14.9868
1435.5493, 14.987
1437.529, 14.9872
1439.4947, 15.0375
1441.4604, 15.0878
1443.4261, 15.1381
1445.3919, 15.1883
1447.3576, 15.2386
1449.3372, 15.2388
1451.3168, 15.2389
1453.2825, 15.2892
1455.2482, 15.3394
1457.2278, 15.3396
1459.1936, 15.3899
1461.1593, 15.4401
1463.125, 15.4904
1465.0907, 15.5407
1467.0565, 15.5909
1469.0222, 15.6412
1470.9879, 15.6915
1472.9536, 15.7417
1474.9193, 15.792
1476.8851, 15.8423
1478.8508, 15.8925
1480.8165, 15.9428
1482.7822, 15.9931
1484.748, 16.0433
1486.7276, 16.0435
1488.6933, 16.0937
1490.6729, 16.0939
1492.6385, 16.1442
1494.6042, 16.1944
1496.5701, 16.2447
1498.5358, 16.295
1500.5015, 16.3452
1502.4672, 16.3955
1504.433, 16.4458
1506.3987, 16.496
1508.3644, 16.5463
1510.3301, 16.5966
1512.3096, 16.5967
1514.2755, 16.647
1516.2412, 16.6972
1518.2069, 16.7475
1520.1726, 16.7978
1522.1383, 16.8479
1524.1041, 16.8982
1526.0698, 16.9485
1528.0355, 16.9988
1529.9874, 17.0992
1531.967, 17.0994
1533.9188, 17.1997
1535.8984, 17.1999
1537.8502, 17.3003
1539.8298, 17.3004
1541.7816, 17.4008
1543.7473, 17.451
1545.713, 17.5013
1547.6789, 17.5516
1549.6446, 17.6018
1551.6103, 17.6521
1553.576, 17.7024
1555.5556, 17.7025
1557.5213, 17.7528
1559.501, 17.753
1561.4667, 17.8032
1563.4184, 17.9036
1565.3841, 17.9539
1567.3361, 18.0542
1569.274, 18.2046
1571.2398, 18.2549
1573.2055, 18.3052
1575.1712, 18.3555
1577.1369, 18.4057
1579.1165, 18.4059
1581.0684, 18.5063
1583.0341, 18.5565
1584.9998, 18.6068
1586.9655, 18.6571
1588.9313, 18.7073
1590.897, 18.7576
1592.8627, 18.8079
1594.8284, 18.858
1596.7942, 18.9083
1598.7738, 18.9085
1600.7395, 18.9588
1602.7052, 19.0091
1604.657, 19.1094
1606.6228, 19.1597
1608.5885, 19.21
1610.5542, 19.2602
1612.5061, 19.3606
1614.4718, 19.4109
1616.4375, 19.4611
1618.3893, 19.5615
1620.3551, 19.6118
1622.3208, 19.662
1624.2865, 19.7123
1626.2383, 19.8126
1628.2041, 19.8629
1630.128, 20.0635
1632.0939, 20.1137
1634.0457, 20.2141
1635.9975, 20.3145
1637.9494, 20.4148
1639.8873, 20.5653
1641.8114, 20.7658
1643.7771, 20.8161
1645.6873, 21.0668
1647.5836, 21.3675
1649.5493, 21.4178
1651.4456, 21.7186
1651.3761, 21.9691
