#DataThief C:\Users\heinc\Documents\lake data\hypsography\MODFLOW plainfield inset\buffer lakes\curve\johns.png Sunday 7-Nov-2021 10:16:10 AM
8.901, -0.0499
26.4828, -0.0497
44.0647, -0.0493
61.6465, -0.0492
79.2284, -0.0489
96.8102, -0.0486
114.3921, -0.0484
131.9739, -0.0481
149.5558, -0.0479
167.1376, -0.0476
184.7195, -0.0474
202.3013, -0.0471
219.8832, -0.0469
237.465, -0.0466
255.1936, -0.1131
272.9221, -0.1796
290.504, -0.1793
307.9392, -0.1123
325.521, -0.1121
343.1029, -0.1118
360.6846, -0.1115
378.1199, -0.0445
395.7017, -0.0443
413.2836, -0.044
430.7187, 0.023
448.3006, 0.0232
465.8824, 0.0235
483.4643, 0.0237
501.0461, 0.024
518.628, 0.0243
536.0632, 0.0913
553.4983, 0.1583
570.9335, 0.2253
588.5152, 0.2255
606.0972, 0.2258
623.679, 0.226
641.2609, 0.2263
658.8427, 0.2266
676.2779, 0.2936
693.713, 0.3606
711.2949, 0.3608
728.8767, 0.3611
746.3119, 0.4281
763.8938, 0.4283
781.4756, 0.4285
798.9108, 0.4956
816.3458, 0.5626
833.9278, 0.5629
851.5096, 0.5631
869.0915, 0.5634
886.5266, 0.6303
904.1085, 0.6306
921.6903, 0.6309
938.9788, 0.7646
956.5606, 0.7649
974.1425, 0.7652
991.7244, 0.7654
1009.1595, 0.8324
1026.7414, 0.8327
1044.3232, 0.8329
1061.9051, 0.8332
1079.3402, 0.9002
1096.9221, 0.9005
1114.3572, 0.9675
1131.9391, 0.9677
1149.5209, 0.968
1167.1028, 0.9682
1184.5379, 1.0352
1202.1198, 1.0355
1219.7017, 1.0357
1237.2835, 1.036
1254.7187, 1.103
1272.3005, 1.1033
1289.7357, 1.1703
1307.3175, 1.1705
1324.8994, 1.1708
1342.3345, 1.2378
1359.9163, 1.238
1377.4982, 1.2383
1394.9334, 1.3053
1412.5152, 1.3056
1429.9504, 1.3726
1447.5323, 1.3728
1465.1141, 1.3731
1482.5493, 1.4401
1500.1311, 1.4403
1517.5663, 1.5072
1535.1481, 1.5076
1552.73, 1.5079
1570.3118, 1.5081
1587.7469, 1.5751
1605.3288, 1.5754
1622.9106, 1.5756
1640.4925, 1.5758
1657.9277, 1.6429
1675.5095, 1.6432
1692.9447, 1.7102
1710.3799, 1.7772
1727.9617, 1.7774
1745.5436, 1.7776
1763.1254, 1.7779
1780.7073, 1.7782
1798.1424, 1.8452
1815.7243, 1.8455
1833.1594, 1.9125
1850.5946, 1.9795
1868.1764, 1.9797
1885.7583, 1.98
1903.3401, 1.9802
1920.7753, 2.0472
1938.3572, 2.0475
1955.7923, 2.1145
1973.2275, 2.1815
1990.8093, 2.1818
2008.3912, 2.182
2025.9729, 2.1823
2043.4082, 2.2493
2060.99, 2.2495
2078.4252, 2.3165
2096.007, 2.3168
2113.5889, 2.3171
2131.1707, 2.3173
2148.6059, 2.3843
2166.1878, 2.3846
2183.7696, 2.3848
2201.3515, 2.3851
2218.7866, 2.4521
2236.2218, 2.5191
2253.8035, 2.5194
2271.3855, 2.5196
2288.8206, 2.5866
2306.4025, 2.5869
2323.9843, 2.5871
2341.5662, 2.5874
2359.0013, 2.6543
2376.4365, 2.7214
2394.0184, 2.7216
2411.6002, 2.7219
2429.0354, 2.7889
2446.6172, 2.7892
2464.0524, 2.8561
2481.4875, 2.9232
2499.0694, 2.9234
2516.6512, 2.9237
2534.2331, 2.9239
2551.6682, 2.991
2569.2501, 2.9912
2586.6852, 3.0582
2604.1204, 3.1252
2621.7023, 3.1255
2639.2841, 3.1257
2656.866, 3.126
2674.3011, 3.193
2691.883, 3.1932
2709.4647, 3.1935
2727.0467, 3.1938
2744.4818, 3.2608
2761.917, 3.3277
2779.4988, 3.328
2797.0807, 3.3283
2814.6625, 3.3285
2832.0977, 3.3955
2849.5329, 3.4626
2867.1147, 3.4628
2884.5499, 3.5298
2902.1317, 3.5301
2919.7136, 3.5303
2937.1487, 3.5973
2954.5838, 3.6643
2972.1657, 3.6646
2989.7476, 3.6648
3007.3294, 3.6651
3024.7646, 3.7321
3042.3464, 3.7324
3059.9283, 3.7326
3077.3635, 3.7995
3094.9453, 3.7999
3112.3805, 3.8669
3129.8155, 3.9339
3147.3975, 3.9342
3164.8326, 4.0012
3182.4144, 4.0014
3199.9963, 4.0017
3217.4315, 4.0687
3235.0133, 4.0689
3252.5952, 4.0692
3270.0303, 4.1362
3287.6122, 4.1364
3305.1941, 4.1367
3322.4825, 4.2705
3340.0644, 4.2707
3357.6461, 4.271
3375.2281, 4.2711
3392.6632, 4.3382
3410.2451, 4.3385
3427.8269, 4.3387
3445.4088, 4.339
3462.6972, 4.4727
3480.2791, 4.4729
3497.8609, 4.4733
3515.4428, 4.4735
3532.878, 4.5405
3550.4598, 4.5408
3567.895, 4.6078
3585.3301, 4.6747
3602.912, 4.6751
3620.4938, 4.6753
3637.929, 4.7423
3655.5108, 4.7426
3673.0927, 4.7428
3690.5278, 4.8098
3708.1097, 4.8101
3725.5448, 4.8771
3743.1267, 4.8774
3760.7086, 4.8776
3778.1437, 4.9445
3795.7256, 4.9449
3813.1607, 5.0119
3830.5958, 5.0789
3848.1777, 5.0791
3865.7596, 5.0794
3883.3414, 5.0796
3900.9233, 5.0799
3918.3584, 5.1469
3935.7936, 5.2139
3953.3754, 5.2142
3970.8106, 5.2812
3988.3925, 5.2814
4005.9743, 5.2817
4023.4095, 5.3487
4040.8446, 5.4157
4058.4264, 5.416
4076.0083, 5.4162
4093.4435, 5.4832
4111.0253, 5.4835
4128.4605, 5.5505
4146.0423, 5.5507
4163.4775, 5.6177
4181.0593, 5.6179
4198.4945, 5.685
4216.0764, 5.6853
4233.6582, 5.6855
4251.2401, 5.6858
4268.5285, 5.8195
4286.1104, 5.8197
4303.6922, 5.8199
4321.2741, 5.8203
4338.7092, 5.8873
4356.1444, 5.9543
4373.7262, 5.9546
4391.3081, 5.9548
4408.7431, 6.0218
4426.3251, 6.0221
4443.907, 6.0223
4461.3421, 6.0893
4478.7772, 6.1562
4496.3591, 6.1566
4513.7943, 6.2236
4531.3761, 6.2239
4548.958, 6.2241
4566.3931, 6.2911
4583.8283, 6.358
4601.4101, 6.3584
4618.8453, 6.4254
4636.4272, 6.4256
4654.009, 6.4259
4671.4442, 6.4929
4689.026, 6.4932
4706.6078, 6.4934
4724.043, 6.5604
4741.6249, 6.5607
4759.06, 6.6277
4776.6419, 6.6279
4794.077, 6.6949
4811.5122, 6.762
4829.094, 6.7622
4846.6759, 6.7625
4864.1111, 6.8295
4881.6928, 6.8296
4899.2748, 6.83
4916.7099, 6.897
4934.2918, 6.8972
4951.8736, 6.8975
4969.3088, 6.9645
4986.7439, 7.0315
5004.3258, 7.0318
5021.7609, 7.0988
5039.1961, 7.1658
5056.7779, 7.166
5074.2131, 7.233
5091.795, 7.2333
5109.2301, 7.3003
5126.812, 7.3006
5144.2471, 7.3676
5161.6823, 7.4346
5179.2641, 7.4348
5196.846, 7.4351
5214.4278, 7.4353
5231.863, 7.5023
5249.4447, 7.5026
5267.0267, 7.5029
5284.6085, 7.503
5302.1904, 7.5034
5319.4788, 7.6371
5337.0607, 7.6374
5354.6425, 7.6376
5372.0777, 7.7046
5389.5129, 7.7715
5407.0947, 7.7719
5424.5299, 7.8389
5442.1117, 7.8392
5459.6936, 7.8394
5477.1287, 7.9064
5494.7106, 7.9066
5512.1457, 7.9737
5529.5809, 8.0407
5547.1628, 8.0409
5564.7446, 8.0412
5582.1798, 8.1082
5599.6149, 8.1752
5617.0501, 8.2422
5634.6319, 8.2425
5652.2138, 8.2427
5669.7955, 8.2429
5687.2308, 8.31
5704.6659, 8.377
5722.2478, 8.3773
5739.8296, 8.3775
5757.4115, 8.3778
5774.8467, 8.4447
5792.4285, 8.445
5810.0104, 8.4453
5827.4455, 8.5123
5844.8807, 8.5793
5862.3158, 8.6463
5879.8977, 8.6465
5897.4795, 8.6468
5914.768, 8.7806
5932.3498, 8.7808
5949.9317, 8.7811
5967.3668, 8.8481
5984.9487, 8.8483
6002.5306, 8.8486
6019.9657, 8.9156
6037.4009, 8.9826
6054.9827, 8.9828
6072.4179, 9.0499
6089.9997, 9.0501
6107.5816, 9.0504
6124.87, 9.1841
6142.4519, 9.1844
6160.0337, 9.1846
6177.4689, 9.2517
6195.0507, 9.2519
6212.6326, 9.2522
6230.2145, 9.2524
6247.6496, 9.3194
6265.2315, 9.3197
6282.6665, 9.3867
6300.1018, 9.4537
6317.6836, 9.454
6335.2655, 9.4542
6352.8473, 9.4545
6370.2825, 9.5215
6387.7176, 9.5885
6405.2995, 9.5887
6422.8813, 9.589
6440.3165, 9.656
6457.8984, 9.6562
6475.3335, 9.7233
6492.7687, 9.7903
6510.3505, 9.7905
6527.7856, 9.8575
6545.3675, 9.8578
6562.8027, 9.9247
6580.3845, 9.925
6597.8197, 9.992
6615.2548, 10.059
6632.69, 10.1261
6650.2719, 10.1263
6667.7069, 10.1933
6685.2889, 10.1936
6702.8707, 10.1938
6720.4526, 10.1941
6737.8877, 10.261
6755.4696, 10.2612
6773.0514, 10.2616
6790.4866, 10.3286
6807.9217, 10.3956
6825.5036, 10.3959
6843.0854, 10.3961
6860.3739, 10.5299
6877.9558, 10.5301
6895.5375, 10.5304
6912.9727, 10.5974
6930.4079, 10.6644
6947.9898, 10.6646
6965.4249, 10.7317
6983.0068, 10.7319
7000.5886, 10.7322
7018.0238, 10.7992
7035.4588, 10.8662
7053.0408, 10.8664
7070.4759, 10.9334
7088.0578, 10.9337
7105.6397, 10.934
7123.0748, 11.001
7140.6566, 11.0012
7158.0918, 11.0682
7175.6737, 11.0685
7193.1088, 11.1355
7210.6907, 11.1357
7228.1258, 11.2027
7245.7077, 11.203
7263.1428, 11.27
7280.5779, 11.337
7298.0131, 11.404
7315.595, 11.4043
7333.0302, 11.4713
7350.612, 11.4715
7368.1939, 11.4718
7385.7757, 11.472
7403.2109, 11.5391
7420.7927, 11.5393
7438.3746, 11.5396
7455.8096, 11.6066
7473.2449, 11.6736
7490.68, 11.7406
7508.2619, 11.7408
7525.697, 11.8077
7543.2789, 11.8081
7560.7141, 11.8751
7578.2959, 11.8754
7595.7311, 11.9424
7613.1662, 12.0094
7630.7481, 12.0096
7648.1832, 12.0766
7665.7651, 12.0769
7683.3469, 12.0771
7700.7821, 12.1441
7718.2172, 12.2112
7735.6524, 12.2782
7753.2343, 12.2784
7770.6694, 12.3454
7788.2513, 12.3457
7805.6864, 12.4127
7823.2683, 12.4129
7840.7034, 12.4799
7858.2852, 12.4802
7875.7204, 12.5472
7893.3023, 12.5474
7910.7374, 12.6145
7928.3193, 12.6147
7945.7544, 12.6817
7963.3363, 12.682
7980.9182, 12.6822
7998.3533, 12.7492
8015.7885, 12.8163
8033.3703, 12.8165
8050.8054, 12.8835
8068.2406, 12.9505
8085.8225, 12.9508
8103.2576, 13.0178
8120.8395, 13.018
8138.2746, 13.085
8155.8565, 13.0853
8173.2916, 13.1522
8190.8735, 13.1526
8208.4554, 13.1528
8225.8904, 13.2198
8243.3256, 13.2868
8260.9075, 13.2871
8278.4894, 13.2873
8295.9245, 13.3543
8313.5064, 13.3546
8330.9415, 13.4216
8348.3767, 13.4886
8365.9585, 13.4889
8383.3937, 13.5558
8400.8288, 13.6229
8418.264, 13.6899
8435.8458, 13.6901
8453.281, 13.757
8470.8629, 13.7574
8488.4447, 13.7577
8505.8799, 13.8247
8523.4617, 13.8249
8540.8969, 13.8919
8558.332, 13.9588
8575.7671, 14.0259
8593.2023, 14.0929
8610.7842, 14.0932
8628.2194, 14.1602
8645.6545, 14.2272
8663.2364, 14.2275
8680.8182, 14.2277
8698.4001, 14.228
8715.6885, 14.3617
8733.2704, 14.362
8750.7055, 14.429
8768.2873, 14.4292
8785.8692, 14.4295
8803.3044, 14.4965
8820.8862, 14.4968
8838.3214, 14.5638
8855.7566, 14.6308
8873.3384, 14.631
8890.7736, 14.698
8908.2086, 14.765
8925.7906, 14.7652
8943.2257, 14.8323
8960.6609, 14.8993
8978.096, 14.9663
8995.6779, 14.9666
9013.113, 15.0336
9030.6949, 15.0338
9048.2767, 15.0341
9065.5652, 15.1678
9083.1471, 15.1681
9100.5822, 15.2351
9118.1641, 15.2354
9135.7459, 15.2356
9153.1811, 15.3026
9170.6162, 15.3696
9188.0514, 15.4365
9205.6332, 15.4369
9223.0684, 15.5039
9240.6502, 15.5041
9258.0854, 15.5711
9275.6673, 15.5714
9293.1024, 15.6383
9310.5375, 15.7054
9327.9727, 15.7724
9345.4079, 15.8394
9362.9897, 15.8397
9380.4249, 15.9066
9398.0067, 15.9069
9415.4419, 15.9739
9433.0237, 15.9742
9450.4588, 16.0412
9468.0407, 16.0415
9485.3292, 16.1752
9502.9111, 16.1755
9520.3462, 16.2425
9537.9281, 16.2427
9555.3632, 16.3096
9572.7984, 16.3767
9590.3801, 16.377
9607.8154, 16.444
9625.3972, 16.4443
9642.8324, 16.5112
9660.4142, 16.5114
9677.8494, 16.5785
9695.2845, 16.6455
9712.8664, 16.6458
9730.3016, 16.7128
9747.8834, 16.713
9765.3186, 16.7801
9782.9003, 16.7803
9800.3356, 16.8473
9817.7707, 16.9143
9835.2059, 16.9813
9852.7877, 16.9816
9870.2229, 17.0486
9887.8047, 17.0488
9905.2399, 17.1158
9922.6751, 17.1829
9940.2569, 17.1831
9957.6921, 17.2501
9975.2739, 17.2504
9992.709, 17.3174
10010.1442, 17.3844
10027.7261, 17.3846
10045.1612, 17.4516
10062.5964, 17.5186
10080.1782, 17.5189
10097.6134, 17.5859
10115.1952, 17.5862
10132.6303, 17.6532
10150.0656, 17.7202
10167.6474, 17.7204
10185.0826, 17.7873
10202.5177, 17.8544
10219.9529, 17.9214
10237.5347, 17.9217
10254.8232, 18.0555
10272.405, 18.0557
10289.8401, 18.1227
10307.2753, 18.1897
10324.7105, 18.2567
10342.1457, 18.3237
10359.7275, 18.324
10377.1627, 18.391
10394.7445, 18.3912
10412.1797, 18.4583
10429.6148, 18.5253
10447.1967, 18.5255
10464.6318, 18.5925
10482.2137, 18.5928
10499.6488, 18.6598
10517.2307, 18.66
10534.8125, 18.6602
10552.2477, 18.7273
10569.8296, 18.7276
10587.1179, 18.8613
10604.6999, 18.8616
10622.135, 18.9285
10639.5702, 18.9956
10657.0053, 19.0626
10674.4405, 19.1296
10691.8756, 19.1966
10709.4575, 19.1968
10726.8925, 19.2638
10744.3277, 19.3309
10761.763, 19.3979
10779.3448, 19.3981
10796.6333, 19.5319
10814.2151, 19.5321
10831.797, 19.5324
10849.3788, 19.5326
10866.9607, 19.5329
10884.3958, 19.5998
10901.831, 19.6669
10919.2661, 19.7339
10936.8479, 19.7342
10954.1364, 19.8679
10971.7183, 19.8681
10989.1535, 19.9352
11006.5886, 20.0022
11024.0238, 20.0692
11041.4588, 20.1362
11059.0408, 20.1364
11076.6226, 20.1367
11094.2045, 20.137
11111.6396, 20.204
11129.0748, 20.271
11146.5099, 20.338
11164.0918, 20.3382
11181.3803, 20.472
11198.9621, 20.4722
11216.3973, 20.5392
11233.8324, 20.6063
11251.2676, 20.6733
11268.7027, 20.7403
11286.2846, 20.7405
11303.8664, 20.7408
11321.1549, 20.8745
11338.5899, 20.9415
11356.0252, 21.0085
11373.607, 21.0088
11391.0422, 21.0758
11408.624, 21.0761
11426.0592, 21.1431
11443.4944, 21.2101
11460.9295, 21.2771
11478.5114, 21.2772
11495.9465, 21.3443
11513.3817, 21.4113
11530.9635, 21.4116
11548.3987, 21.4786
11565.9805, 21.4788
11583.4157, 21.5459
11600.8509, 21.6129
11618.4327, 21.6131
11635.8679, 21.6801
11653.4497, 21.6804
11670.8849, 21.7473
11688.32, 21.8144
11705.7551, 21.8814
11723.337, 21.8817
11740.7722, 21.9487
11758.2073, 22.0157
11775.6425, 22.0827
11793.0776, 22.1497
11810.5128, 22.2167
11828.0947, 22.2169
11845.5298, 22.2839
11862.9649, 22.3509
11880.4001, 22.4179
11897.982, 22.4182
11915.5638, 22.4184
11932.999, 22.4855
11950.4341, 22.5525
11967.8693, 22.6195
11985.4511, 22.6197
12002.7396, 22.7534
12020.3215, 22.7537
12037.7566, 22.8207
12055.1918, 22.8877
12072.6269, 22.9548
12090.2088, 22.955
12107.7906, 22.9553
12125.3725, 22.9555
12142.8075, 23.0225
12160.2428, 23.0895
12177.6779, 23.1565
12195.2598, 23.1568
12212.5483, 23.2905
12230.1301, 23.2908
12247.5653, 23.3578
12265.0004, 23.4248
12282.4356, 23.4918
12299.8707, 23.5588
12317.3059, 23.6258
12334.8877, 23.6261
12352.4696, 23.6263
12369.9047, 23.6933
12387.3399, 23.7603
12404.775, 23.8274
12422.2102, 23.8944
12439.6454, 23.9614
12457.0805, 24.0284
12474.5157, 24.0954
12491.9508, 24.1623
12509.386, 24.2294
12526.8211, 24.2964
12544.2563, 24.3634
12561.838, 24.3636
12579.2732, 24.4307
12596.7084, 24.4977
12614.1436, 24.5647
12631.5788, 24.6317
12649.1606, 24.6319
12666.5958, 24.6989
12684.0309, 24.7659
12701.4661, 24.8329
12719.0479, 24.8332
12736.483, 24.9002
12753.9182, 24.9672
12771.5001, 24.9675
12789.0819, 24.9677
12806.5171, 25.0347
12823.9522, 25.1017
12841.3874, 25.1687
12858.6759, 25.3025
12876.111, 25.3695
12893.6928, 25.3697
12911.2747, 25.37
12928.7099, 25.437
12946.145, 25.504
12963.5802, 25.571
12981.0153, 25.638
12998.4505, 25.705
13015.8856, 25.772
13033.3208, 25.839
13050.756, 25.906
13068.3378, 25.9062
13085.773, 25.9733
13103.3548, 25.9736
13120.79, 26.0406
13138.2251, 26.1076
13155.6602, 26.1746
13173.0954, 26.2416
13190.5306, 26.3086
13207.9657, 26.3756
13225.4009, 26.4426
13242.8361, 26.5096
13260.2711, 26.5766
13277.8531, 26.5769
13295.1415, 26.7106
13312.7234, 26.7109
13330.1585, 26.7779
13347.5937, 26.8449
13365.0288, 26.9119
13382.464, 26.9788
13399.8991, 27.0459
13417.3343, 27.1129
13434.7694, 27.1799
13452.2046, 27.2469
13469.6398, 27.3139
13487.0749, 27.3809
13504.5101, 27.4479
13521.9452, 27.5149
13539.5271, 27.5152
13556.9622, 27.5822
13574.5441, 27.5824
13591.9792, 27.6494
13609.4144, 27.7164
13626.8496, 27.7835
13644.2847, 27.8505
13661.7199, 27.9175
13679.155, 27.9845
13696.5901, 28.0515
13714.0253, 28.1185
13731.4605, 28.1855
13748.8956, 28.2525
13766.3308, 28.3195
13783.9125, 28.3197
13801.3477, 28.3868
13818.9296, 28.387
13836.2181, 28.5208
13853.8, 28.521
13871.2351, 28.588
13888.5236, 28.7218
13905.9586, 28.7888
13923.3939, 28.8558
13940.829, 28.9228
13958.2642, 28.9898
13975.6993, 29.0568
13993.2812, 29.0571
14010.7163, 29.1241
14028.2982, 29.1243
14045.7334, 29.1913
14063.1685, 29.2583
14080.6037, 29.3253
14098.0388, 29.3923
14115.474, 29.4593
14132.9091, 29.5263
14150.3443, 29.5934
14167.7793, 29.6604
14185.2146, 29.7274
14202.6497, 29.7944
14220.0849, 29.8614
14237.5201, 29.9284
14255.1019, 29.9285
14272.2437, 30.1291
14289.6787, 30.1961
14307.114, 30.2631
14324.5491, 30.3301
14341.9843, 30.3972
14359.4194, 30.4642
14376.8546, 30.5312
14394.2897, 30.5981
14411.7248, 30.6652
14429.1601, 30.7322
14446.5952, 30.7992
14464.0304, 30.8662
14481.4655, 30.9332
14498.754, 31.0669
14516.3357, 31.0672
14533.771, 31.1342
14551.2061, 31.2012
14568.6413, 31.2682
14586.0764, 31.3352
14603.5116, 31.4022
14620.8001, 31.536
14638.0885, 31.6697
14655.5237, 31.7367
14673.1055, 31.737
14690.394, 31.8707
14707.8291, 31.9377
14725.2643, 32.0047
14742.6994, 32.0718
14760.1346, 32.1388
14777.5697, 32.2058
14795.1516, 32.206
14812.4401, 32.3397
14829.5817, 32.5403
14847.017, 32.6073
14864.4521, 32.6743
14881.8873, 32.7412
14899.3224, 32.8083
14916.7576, 32.8753
14934.1927, 32.9423
14951.6279, 33.0093
14969.0631, 33.0763
14986.4982, 33.1433
15003.9334, 33.2103
15021.3685, 33.2772
15038.8037, 33.3443
15056.2388, 33.4113
15073.674, 33.4783
15091.1091, 33.5453
15108.5443, 33.6122
15125.9794, 33.6794
15143.2679, 33.8131
15160.8498, 33.8134
15178.2849, 33.8803
15195.8668, 33.8806
15213.3019, 33.9476
15230.5904, 34.0814
15248.0255, 34.1484
15265.4607, 34.2154
15282.8958, 34.2824
15300.331, 34.3494
15317.7661, 34.4163
15334.9079, 34.6169
15352.1964, 34.7507
15369.4848, 34.8843
15386.6266, 35.0849
15403.7683, 35.2854
15421.2035, 35.3524
15438.6385, 35.4194
15455.7804, 35.6199
15473.2155, 35.6869
15490.504, 35.8207
15507.6458, 36.0212
15525.0809, 36.0882
15542.3694, 36.2219
15559.3644, 36.4892
15576.6529, 36.6229
15594.088, 36.6899
15611.3765, 36.8237
15628.5183, 37.0242
15645.8067, 37.1579
15663.0952, 37.2917
15679.6501, 37.7591
15697.0853, 37.8262
15713.6402, 38.2937
15730.782, 38.4942
15747.9238, 38.6947
15764.6254, 39.0954
15781.3271, 39.4962
15798.1754, 39.8302
15797.882, 39.9637
