#DataThief C:\Users\heinc\Documents\lake data\hypsography\MODFLOW plainfield inset\buffer lakes\curve\mcallister.png Sunday 7-Nov-2021 10:21:47 AM
-0.1818, -0.022
0.5455, 0.0661
0.8795, 0.0437
1.5476, -1.1441e-3
2.0, 0.2425
2.3341, 0.22
3.0614, 0.3082
3.4546, 0.4188
4.1228, 0.374
4.516, 0.4845
4.85, 0.4621
5.5773, 0.5503
5.9706, 0.6609
6.6978, 0.749
7.0319, 0.7266
7.4251, 0.8372
8.0933, 0.7924
8.4865, 0.903
8.8206, 0.8805
9.5478, 0.9687
9.9411, 1.0793
10.6684, 1.1675
11.0024, 1.145
11.3956, 1.2556
12.1229, 1.3437
12.457, 1.3214
13.1843, 1.4095
13.5184, 1.3871
13.9116, 1.4977
14.6389, 1.5859
14.9729, 1.5635
15.3662, 1.6741
16.0935, 1.7622
16.4275, 1.7398
16.8207, 1.8504
17.548, 1.9386
17.882, 1.9161
18.6094, 2.0043
19.0026, 2.1149
19.3367, 2.0925
20.064, 2.1806
20.4572, 2.2912
21.1844, 2.3794
21.5185, 2.357
21.8526, 2.3346
22.6391, 2.5556
22.9731, 2.5333
23.3663, 2.6439
24.0345, 2.5991
24.4277, 2.7096
25.155, 2.7978
25.4891, 2.7753
25.8822, 2.886
26.6096, 2.9742
26.9436, 2.9517
27.3369, 3.0623
28.0642, 3.1505
28.3982, 3.128
29.1255, 3.2162
29.5187, 3.3268
29.8528, 3.3044
30.58, 3.3926
30.9733, 3.5032
31.7006, 3.5913
32.0347, 3.5689
32.4279, 3.6795
33.1552, 3.7677
33.4892, 3.7452
33.8824, 3.8558
34.5506, 3.811
34.9438, 3.9216
35.6711, 4.0097
36.0643, 4.1203
36.3984, 4.0979
37.1257, 4.1861
37.5189, 4.2967
37.853, 4.2743
38.5803, 4.3624
38.9735, 4.4729
39.7008, 4.5612
40.0348, 4.5388
40.4281, 4.6493
41.1554, 4.7375
41.4894, 4.7151
41.8827, 4.8256
42.6099, 4.9139
43.0032, 5.0244
43.3372, 5.002
44.0645, 5.0902
44.4578, 5.2008
45.185, 5.2889
45.5191, 5.2665
45.9123, 5.3771
46.6396, 5.4653
46.9737, 5.4429
47.3669, 5.5535
48.0942, 5.6416
48.4874, 5.7522
48.8215, 5.7298
49.5488, 5.818
49.942, 5.9285
50.6693, 6.0167
51.0034, 5.9943
51.3966, 6.1049
52.1239, 6.1931
52.5171, 6.3035
52.8512, 6.2812
53.5785, 6.3694
53.9717, 6.48
54.3649, 6.5906
55.0922, 6.6787
55.4263, 6.6562
55.8195, 6.7669
56.5468, 6.8551
56.8808, 6.8327
57.6673, 7.0538
58.0014, 7.0314
58.3946, 7.142
59.1219, 7.2302
59.4559, 7.2078
59.8492, 7.3183
60.5765, 7.4064
60.9104, 7.3841
61.697, 7.6053
62.031, 7.5828
62.4243, 7.6934
63.1516, 7.7816
63.4856, 7.7591
63.8788, 7.8698
64.6061, 7.9579
64.9994, 8.0685
65.3334, 8.0461
66.0607, 8.1343
66.4539, 8.2449
66.8472, 8.3555
67.5745, 8.4436
67.9085, 8.4212
68.6358, 8.5093
69.029, 8.62
69.4223, 8.7306
70.1495, 8.8187
70.5428, 8.9293
70.8768, 8.9069
71.604, 8.995
71.9973, 9.1057
72.3906, 9.2162
73.1179, 9.3044
73.4519, 9.282
73.8452, 9.3926
74.5725, 9.4808
74.9657, 9.5913
75.693, 9.6795
76.0862, 9.7901
76.4794, 9.9007
77.2067, 9.9889
77.5408, 9.9664
77.934, 10.077
78.6613, 10.1652
79.0545, 10.2758
79.3886, 10.2534
80.1159, 10.3415
80.5091, 10.4521
80.9022, 10.5627
81.6296, 10.6509
82.0228, 10.7614
82.3569, 10.7391
83.1434, 10.9602
83.4774, 10.9378
83.8706, 11.0484
84.5979, 11.1366
84.9912, 11.2472
85.3252, 11.2247
86.1117, 11.4459
86.4457, 11.4235
86.839, 11.5341
87.5663, 11.6223
87.9595, 11.7328
88.3527, 11.8434
89.08, 11.9316
89.4732, 12.0422
89.8665, 12.1528
90.5937, 12.241
90.987, 12.3516
91.321, 12.3291
92.0483, 12.4173
92.4416, 12.5279
92.8348, 12.6385
93.5621, 12.7267
93.9553, 12.8372
94.3485, 12.9478
95.0758, 13.036
95.4689, 13.1466
95.8622, 13.2572
96.6487, 13.4784
97.0419, 13.589
97.376, 13.5665
98.1625, 13.7877
98.4965, 13.7652
98.8898, 13.8759
99.6762, 14.0971
100.0694, 14.2077
100.4035, 14.1852
101.1899, 14.4064
101.5832, 14.517
101.9764, 14.6276
102.7037, 14.7158
103.0969, 14.8264
103.4901, 14.937
103.8834, 15.0476
104.6107, 15.1357
105.0039, 15.2463
105.3971, 15.3569
106.1244, 15.4451
106.5175, 15.5556
106.9109, 15.6663
107.6973, 15.8874
108.0905, 15.998
108.4245, 15.9756
109.2111, 16.1968
109.6042, 16.3074
109.9975, 16.418
110.3907, 16.5286
111.1179, 16.6167
111.5704, 16.8603
111.9045, 16.8378
112.6909, 17.0591
113.0842, 17.1697
113.4774, 17.2803
113.8706, 17.3909
114.6571, 17.612
115.0503, 17.7227
115.4435, 17.8332
115.8367, 17.9438
116.564, 18.032
116.9573, 18.1426
117.3505, 18.2532
118.1369, 18.4744
118.5893, 18.718
118.9826, 18.8286
119.435, 19.0722
119.8282, 19.1828
120.5554, 19.2709
121.067, 19.6476
121.4603, 19.7581
121.8535, 19.8687
122.6399, 20.0899
123.0332, 20.2005
123.4264, 20.3111
123.8195, 20.4217
124.5469, 20.5099
125.0585, 20.8864
125.4517, 20.9971
125.8449, 21.1077
126.5722, 21.1958
126.9654, 21.3064
127.4178, 21.55
128.2043, 21.7711
128.5975, 21.8818
128.9907, 21.9924
129.4431, 22.236
129.8955, 22.4796
130.682, 22.7008
131.1343, 22.9444
131.5867, 23.188
132.0391, 23.4316
132.4324, 23.5422
132.9439, 23.9188
133.3963, 24.1623
133.8487, 24.406
134.3602, 24.7827
134.8718, 25.1593
135.3242, 25.4029
135.8357, 25.7795
136.4064, 26.2892
137.0363, 26.9318
137.3322, 27.5969
137.8437, 27.9735
138.6511, 29.0152
138.6511, 29.0152
