#DataThief C:\Users\heinc\Documents\lake data\hypsography\MODFLOW plainfield inset\buffer lakes\curve\mclean.png Sunday 7-Nov-2021 10:23:34 AM
13.0645, 0.6505
13.6027, 0.6511
14.1409, 0.6516
14.6791, 0.6521
15.2173, 0.6526
15.7555, 0.6532
16.2937, 0.6537
16.8319, 0.6542
17.101, 0.6545
17.6415, 0.7659
18.1797, 0.7665
18.7179, 0.767
19.2561, 0.7675
19.7966, 0.879
20.0657, 0.8792
20.6038, 0.8797
21.1421, 0.8803
21.6802, 0.8808
22.2208, 0.9923
22.759, 0.9928
23.2972, 0.9933
23.5686, 1.1045
24.1068, 1.105
24.645, 1.1055
25.1832, 1.1061
25.7213, 1.1066
26.2619, 1.218
26.8001, 1.2186
27.0692, 1.2187
27.6073, 1.2193
28.1479, 1.3308
28.6861, 1.3313
29.2243, 1.3319
29.7648, 1.4433
30.303, 1.4438
30.5721, 1.4441
31.1103, 1.4445
31.6508, 1.5561
32.189, 1.5566
32.7271, 1.5571
33.2654, 1.5575
33.8058, 1.6691
34.075, 1.6694
34.6132, 1.6699
35.1537, 1.7812
35.6919, 1.7819
36.2324, 1.8933
36.7706, 1.8939
37.3111, 2.0053
37.5802, 2.0056
38.1184, 2.0061
38.659, 2.1176
39.1972, 2.1181
39.7377, 2.2295
40.2759, 2.2301
40.8141, 2.2306
41.0855, 2.3418
41.6237, 2.3423
42.1642, 2.4538
42.7024, 2.4543
43.2429, 2.5657
43.7811, 2.5663
44.3216, 2.6777
44.5908, 2.678
45.1289, 2.6785
45.6695, 2.79
46.2077, 2.7905
46.7482, 2.902
47.2887, 3.0134
47.8269, 3.0139
48.0984, 3.1251
48.6366, 3.1257
49.1771, 3.2371
49.7153, 3.2376
50.2558, 3.3491
50.794, 3.3496
51.0654, 3.4607
51.6036, 3.4613
52.1442, 3.5728
52.6823, 3.5733
53.2229, 3.6848
53.7633, 3.7962
54.3016, 3.7968
54.573, 3.908
55.1112, 3.9085
55.6518, 4.0199
56.1899, 4.0205
56.7305, 4.1319
57.2687, 4.1325
57.8069, 4.133
58.0783, 4.2442
58.6188, 4.3556
59.157, 4.3562
59.6976, 4.4676
60.2357, 4.4681
60.7763, 4.5796
61.3145, 4.58
61.5836, 4.5804
62.1241, 4.6918
62.6623, 4.6924
63.2028, 4.8037
63.741, 4.8043
64.2814, 4.9158
64.8197, 4.9163
65.0888, 4.9165
65.6293, 5.028
66.1699, 5.1395
66.7081, 5.14
67.2463, 5.1406
67.7868, 5.252
68.3273, 5.3635
68.5964, 5.3637
69.137, 5.4752
69.6751, 5.4757
70.2157, 5.5872
70.7539, 5.5877
71.2944, 5.6992
71.8326, 5.6997
72.104, 5.8109
72.6421, 5.8114
73.1804, 5.8119
73.7208, 5.9234
74.2615, 6.0348
74.7997, 6.0354
75.0687, 6.0356
75.6093, 6.1471
76.1498, 6.2585
76.688, 6.2591
77.2262, 6.2596
77.7667, 6.371
78.3049, 6.3716
78.5763, 6.4828
79.1145, 6.4833
79.6551, 6.5948
80.1933, 6.5953
80.7338, 6.7067
81.272, 6.7073
81.8125, 6.8187
82.0816, 6.819
82.6221, 6.9304
83.1602, 6.931
83.6985, 6.9315
84.2391, 7.0429
84.7795, 7.1544
85.3178, 7.1549
85.5869, 7.1552
86.1274, 7.2666
86.6656, 7.2671
87.2061, 7.3786
87.7467, 7.4901
88.2848, 7.4906
88.8254, 7.6021
89.0945, 7.6023
89.6327, 7.6029
90.1732, 7.7143
90.7137, 7.8258
91.2519, 7.8263
91.7924, 7.9378
92.3306, 7.9383
92.6021, 8.0495
93.1403, 8.05
93.6808, 8.1615
94.219, 8.162
94.7595, 8.2734
95.2977, 8.274
95.5691, 8.3852
96.1073, 8.3857
96.6479, 8.4971
97.1884, 8.6086
97.7266, 8.6091
98.2671, 8.7206
98.8053, 8.721
99.0767, 8.8323
99.6173, 8.9438
100.1555, 8.9443
100.696, 9.0557
101.2365, 9.1672
101.7747, 9.1677
102.3153, 9.2792
102.5844, 9.2793
103.1249, 9.3909
103.6631, 9.3914
104.2036, 9.5029
104.7441, 9.6143
105.2823, 9.6149
105.8229, 9.7263
106.092, 9.7266
106.6324, 9.838
107.1707, 9.8386
107.7136, 10.061
108.2517, 10.0615
108.7923, 10.173
109.3328, 10.2844
109.6019, 10.2847
110.1424, 10.3961
110.6806, 10.3967
111.2212, 10.5081
111.7617, 10.6196
112.3022, 10.7309
112.5713, 10.7313
113.1118, 10.8428
113.6524, 10.9542
114.1905, 10.9546
114.7311, 11.0662
115.2716, 11.1777
115.8122, 11.2891
116.0813, 11.2894
116.6218, 11.4008
117.16, 11.4014
117.7005, 11.5128
118.2411, 11.6242
118.7816, 11.7357
119.3221, 11.8472
119.5912, 11.8475
120.1318, 11.9588
120.6723, 12.0704
121.2105, 12.0709
121.751, 12.1824
122.2915, 12.2938
122.8321, 12.4053
123.1035, 12.5165
123.644, 12.6279
124.1822, 12.6284
124.7227, 12.7399
125.261, 12.7404
125.8014, 12.8519
126.0729, 12.963
126.6111, 12.9636
127.1517, 13.0751
127.6922, 13.1865
128.2327, 13.298
128.7732, 13.4095
129.3138, 13.5209
129.5829, 13.5211
130.1234, 13.6326
130.6639, 13.7441
131.2045, 13.8556
131.745, 13.967
132.2854, 14.0785
132.826, 14.1899
133.0975, 14.3011
133.6381, 14.4126
134.1786, 14.5241
134.7191, 14.6355
135.2597, 14.7469
135.8002, 14.8584
136.0693, 14.8587
136.6098, 14.9702
137.1503, 15.0816
137.6909, 15.1931
138.2314, 15.3045
138.7743, 15.5269
139.3148, 15.6383
139.5838, 15.6387
140.1245, 15.7501
140.665, 15.8616
141.2055, 15.9729
141.7461, 16.0845
142.2866, 16.196
142.8295, 16.4184
143.0986, 16.4186
143.6391, 16.5301
144.1796, 16.6415
144.7202, 16.753
145.2607, 16.8645
145.8035, 17.0869
146.075, 17.1981
146.6155, 17.3094
147.1561, 17.421
147.6966, 17.5324
148.2395, 17.7548
148.78, 17.8662
149.3206, 17.9777
149.592, 18.0889
150.1325, 18.2004
150.6754, 18.4228
151.2159, 18.5343
151.7588, 18.7567
152.2993, 18.8681
152.5708, 18.9792
153.1113, 19.0908
153.6542, 19.3132
154.1971, 19.5356
154.7376, 19.647
155.2805, 19.8694
155.8234, 20.0918
156.0948, 20.203
156.6377, 20.4254
157.1806, 20.6478
157.721, 20.7593
158.2663, 21.0926
158.8069, 21.2041
159.0807, 21.4262
159.6235, 21.6486
160.1663, 21.871
160.714, 22.3153
161.2545, 22.4267
161.7997, 22.7601
162.0712, 22.8713
162.6141, 23.0937
163.1616, 23.5379
163.7069, 23.8713
164.2521, 24.2046
164.795, 24.427
165.0687, 24.6491
165.6162, 25.0934
166.1639, 25.5377
166.7115, 25.982
167.2614, 26.5372
167.8113, 27.0924
168.0851, 27.3145
168.6373, 27.9807
169.1896, 28.6468
169.7465, 29.5348
170.3129, 30.8666
170.5984, 31.6434
