#DataThief C:\Users\heinc\Documents\lake data\hypsography\MODFLOW plainfield inset\buffer lakes\curve\mirror.png Sunday 7-Nov-2021 10:25:20 AM
0.3869, -0.0968
1.1497, -0.0972
1.531, -0.0974
1.908, -0.0203
2.6663, 0.0567
3.0477, 0.0565
3.4247, 0.1336
4.1874, 0.1332
4.5644, 0.2104
4.9458, 0.2102
5.7041, 0.2871
6.081, 0.3642
6.4624, 0.3641
7.2208, 0.441
7.6021, 0.4408
7.9835, 0.4405
8.7418, 0.5175
9.1232, 0.5173
9.5046, 0.5171
10.2585, 0.6714
10.6399, 0.6713
11.0168, 0.7484
11.3982, 0.7482
12.161, 0.7478
12.5379, 0.825
12.9193, 0.8248
13.6776, 0.9017
14.059, 0.9015
14.436, 0.9786
15.1943, 1.0556
15.5756, 1.0554
15.9526, 1.1325
16.7154, 1.1322
17.0879, 1.2866
17.4693, 1.2864
18.2321, 1.286
18.609, 1.3632
18.9904, 1.363
19.7487, 1.4399
20.1301, 1.4397
20.507, 1.5169
21.2654, 1.5937
21.6468, 1.5936
22.0282, 1.5934
22.4051, 1.6705
23.1634, 1.7475
23.5404, 1.8246
23.9218, 1.8244
24.6801, 1.9014
25.0615, 1.9012
25.4429, 1.901
26.2012, 1.978
26.5826, 1.9778
26.9595, 2.0549
27.7179, 2.1318
28.0993, 2.1317
28.4806, 2.1315
29.2389, 2.2084
29.6159, 2.2854
29.9973, 2.2852
30.7556, 2.3623
31.137, 2.362
31.514, 2.4392
31.8953, 2.439
32.6537, 2.516
33.0351, 2.5158
33.412, 2.5929
34.1703, 2.6699
34.5516, 2.6697
34.9287, 2.7468
35.6914, 2.7464
36.0684, 2.8235
36.4498, 2.8234
37.2081, 2.9003
37.5851, 2.9775
37.9664, 2.9773
38.7248, 3.0542
39.1061, 3.054
39.483, 3.1311
40.2414, 3.2081
40.6228, 3.2079
41.0042, 3.2077
41.7625, 3.2847
42.1395, 3.3618
42.5209, 3.3616
42.9022, 3.3614
43.6606, 3.4383
44.0419, 3.4382
44.4189, 3.5152
45.1772, 3.5922
45.5542, 3.6694
45.9356, 3.6692
46.6939, 3.7461
47.0753, 3.7459
47.4522, 3.8231
48.215, 3.8227
48.5918, 3.8998
48.9733, 3.8996
49.7271, 4.0539
50.1086, 4.0537
50.49, 4.0535
51.2483, 4.1305
51.6253, 4.2076
52.0067, 4.2074
52.765, 4.2843
53.1419, 4.3615
53.5232, 4.3613
53.9003, 4.4384
54.663, 4.438
55.04, 4.5152
55.4214, 4.515
56.1797, 4.5918
56.5611, 4.5917
56.938, 4.6689
57.6964, 4.7458
58.0778, 4.7456
58.4546, 4.8227
59.2175, 4.8224
59.5944, 4.8995
59.9758, 4.8993
60.7297, 5.0536
61.1111, 5.0534
61.4925, 5.0532
62.2508, 5.1301
62.6322, 5.13
63.0091, 5.2071
63.3905, 5.2069
64.1444, 5.3612
64.5258, 5.361
64.9028, 5.4381
65.6655, 5.4377
66.0469, 5.4375
66.4238, 5.5147
67.1822, 5.5916
67.5636, 5.5914
67.9405, 5.6684
68.6987, 5.7455
69.0802, 5.7452
69.4616, 5.745
70.2199, 5.8221
70.5969, 5.8992
70.9783, 5.899
71.7366, 5.9759
72.1136, 6.0531
72.4949, 6.0529
73.2533, 6.1298
73.6346, 6.1296
74.0116, 6.2068
74.3886, 6.2839
75.1513, 6.2835
75.5327, 6.2833
75.9096, 6.3605
76.668, 6.4374
77.0493, 6.4372
77.4263, 6.5143
78.1846, 6.5913
78.5659, 6.5911
78.943, 6.6682
79.7013, 6.7452
80.0827, 6.745
80.4641, 6.7448
81.2224, 6.8216
81.5994, 6.8989
81.9763, 6.976
82.7391, 6.9756
83.1204, 6.9754
83.4974, 7.0526
84.2557, 7.1295
84.6327, 7.2066
85.0141, 7.2065
85.391, 7.2836
86.1538, 7.2832
86.5307, 7.3603
86.9077, 7.4375
87.6703, 7.4371
88.0518, 7.4369
88.4288, 7.514
89.1871, 7.591
89.5641, 7.6681
89.9454, 7.6679
90.7082, 7.6675
91.0852, 7.7447
91.4665, 7.7445
92.2204, 7.8987
92.6018, 7.8986
92.9788, 7.9757
93.737, 8.0526
94.1185, 8.0524
94.4954, 8.1296
95.2582, 8.1292
95.6396, 8.129
96.0165, 8.2061
96.3979, 8.206
97.1518, 8.3602
97.5332, 8.3599
97.9146, 8.3598
98.6729, 8.4368
99.0499, 8.5139
99.4268, 8.591
100.1852, 8.668
100.5665, 8.6678
100.9479, 8.6676
101.7063, 8.7445
102.0832, 8.8216
102.4602, 8.8988
103.2185, 8.9758
103.5998, 8.9756
103.9813, 8.9754
104.7396, 9.0523
105.121, 9.0521
105.4979, 9.1293
106.2563, 9.2062
106.6376, 9.206
107.0146, 9.2831
107.396, 9.283
108.1543, 9.3599
108.5312, 9.437
108.9125, 9.4368
109.671, 9.5138
110.0479, 9.5909
110.4293, 9.5907
111.1876, 9.6677
111.5646, 9.7448
111.946, 9.7446
112.7043, 9.8216
113.0813, 9.8987
113.4626, 9.8984
114.221, 9.9754
114.6023, 9.9752
114.9792, 10.0524
115.7376, 10.1293
116.119, 10.1291
116.496, 10.2063
117.2543, 10.2832
117.6313, 10.3603
118.0126, 10.3602
118.394, 10.3599
119.1522, 10.4369
119.5337, 10.4367
119.9106, 10.5139
120.669, 10.5908
121.046, 10.6679
121.4273, 10.6677
122.1857, 10.7447
122.5671, 10.7445
122.944, 10.8216
123.7023, 10.8986
124.0793, 10.9757
124.4607, 10.9755
125.219, 11.0525
125.6004, 11.0523
125.9773, 11.1294
126.7357, 11.2063
127.1126, 11.2835
127.494, 11.2833
128.2568, 11.2829
128.6337, 11.3599
129.0151, 11.3598
129.3965, 11.3597
130.1504, 11.5139
130.5318, 11.5137
130.9087, 11.5909
131.6671, 11.6678
132.0484, 11.6676
132.4298, 11.6674
133.1837, 11.8216
133.5651, 11.8215
133.9421, 11.8986
134.7004, 11.9756
135.0818, 11.9754
135.4631, 11.9752
136.2171, 12.1295
136.5984, 12.1293
136.9754, 12.2064
137.7337, 12.2833
138.1151, 12.2832
138.4965, 12.283
139.2504, 12.4372
139.6318, 12.437
140.0087, 12.5142
140.3901, 12.514
141.1484, 12.5909
141.5298, 12.5907
141.9068, 12.6679
142.6651, 12.7448
143.0465, 12.7446
143.4234, 12.8218
144.1818, 12.8987
144.5631, 12.8984
144.9401, 12.9756
145.6984, 13.0526
146.0798, 13.0524
146.4567, 13.1295
147.2151, 13.2065
147.592, 13.2836
147.9734, 13.2833
148.7362, 13.283
149.1131, 13.3602
149.4945, 13.3599
150.2484, 13.5142
150.6298, 13.514
151.0068, 13.5912
151.3881, 13.591
152.1465, 13.6679
152.5279, 13.6677
152.9048, 13.7449
153.6631, 13.8218
154.0401, 13.8989
154.4215, 13.8988
155.1798, 13.9757
155.5568, 14.0528
155.9337, 14.13
156.6921, 14.2069
157.069, 14.284
157.4504, 14.2839
158.2086, 14.3608
158.5901, 14.3606
158.967, 14.4377
159.7254, 14.5147
160.1068, 14.5145
160.4837, 14.5916
161.2465, 14.5912
161.6234, 14.6684
162.0048, 14.6682
162.7631, 14.745
163.1401, 14.8223
163.5171, 14.8994
163.8984, 14.8992
164.6568, 14.9761
165.0337, 15.0533
165.4107, 15.1304
166.1734, 15.13
166.5504, 15.2072
166.9318, 15.207
167.6857, 15.3612
168.0671, 15.361
168.4484, 15.3609
169.2023, 15.5151
169.5793, 15.5923
169.9607, 15.592
170.7189, 15.669
171.1004, 15.6688
171.4773, 15.746
172.2357, 15.8229
172.6126, 15.9
172.994, 15.8998
173.7523, 15.9768
174.1337, 15.9766
174.5107, 16.0537
174.8921, 16.0535
175.646, 16.2078
176.0229, 16.2849
176.4043, 16.2847
177.1626, 16.3617
177.544, 16.3615
177.921, 16.4386
178.6793, 16.5156
179.0563, 16.5927
179.4376, 16.5925
180.1915, 16.7468
180.5729, 16.7466
180.9499, 16.8237
181.7082, 16.9007
182.0896, 16.9005
182.4665, 16.9776
183.2293, 16.9771
183.6018, 17.1317
183.9832, 17.1315
184.7415, 17.2084
185.1229, 17.2082
185.4999, 17.2854
186.2538, 17.4396
186.6352, 17.4394
187.0166, 17.4393
187.3935, 17.5164
188.1518, 17.5933
188.5332, 17.5931
188.9102, 17.6703
189.6641, 17.8245
190.0455, 17.8244
190.4268, 17.8242
191.1852, 17.9011
191.5621, 17.9782
191.9391, 18.0554
192.7018, 18.055
193.0788, 18.132
193.4557, 18.2093
194.2141, 18.2862
194.591, 18.3633
194.9724, 18.3631
195.7307, 18.4401
196.1077, 18.5171
196.4891, 18.517
197.2474, 18.5939
197.6244, 18.6711
198.0013, 18.7482
198.7597, 18.8252
199.1366, 18.9022
199.518, 18.9021
199.8949, 18.9792
200.6533, 19.0562
201.0302, 19.1333
201.4072, 19.2105
202.1699, 19.2101
202.5469, 19.2872
202.9283, 19.287
203.6822, 19.4413
204.0591, 19.5184
204.4405, 19.5182
205.1944, 19.6724
205.5758, 19.6723
205.9572, 19.6721
206.7155, 19.749
207.0925, 19.8262
207.4694, 19.9033
208.2278, 19.9803
208.6091, 19.9801
208.9817, 20.1345
209.7444, 20.1341
210.1214, 20.2113
210.5028, 20.2111
211.2567, 20.3654
211.6336, 20.4425
212.015, 20.4423
212.3963, 20.4421
213.1547, 20.5191
213.5316, 20.5962
213.9085, 20.6733
214.667, 20.7503
215.0439, 20.8274
215.4253, 20.8272
216.1792, 20.9815
216.5606, 20.9813
216.9375, 21.0584
217.6959, 21.1353
218.0728, 21.2125
218.4498, 21.2896
219.2081, 21.3666
219.5895, 21.3664
219.9708, 21.3662
220.7248, 21.5204
221.1017, 21.5976
221.483, 21.5974
222.237, 21.7516
222.6139, 21.8288
222.9954, 21.8286
223.7537, 21.9055
224.1351, 21.9053
224.512, 21.9825
224.8934, 21.9823
225.6473, 22.1366
226.0243, 22.2137
226.4057, 22.2135
227.164, 22.2904
227.5409, 22.3676
227.9179, 22.4447
228.6762, 22.5215
229.0532, 22.5988
229.4346, 22.5986
230.1885, 22.7529
230.5699, 22.7527
230.9468, 22.8298
231.705, 22.9066
232.0865, 22.9064
232.4635, 22.9837
233.2218, 23.0606
233.5988, 23.1378
233.9757, 23.2149
234.7341, 23.2918
235.111, 23.369
235.4924, 23.3688
236.2463, 23.523
236.6277, 23.5228
237.0046, 23.6
237.763, 23.6768
238.1399, 23.7541
238.5169, 23.8312
238.8982, 23.831
239.6566, 23.9079
240.0335, 23.9851
240.4104, 24.0622
241.1688, 24.1391
241.5457, 24.2163
241.9272, 24.2161
242.6855, 24.293
243.0625, 24.3702
243.4394, 24.4473
244.1977, 24.5242
244.5747, 24.6014
244.9561, 24.6012
245.71, 24.7553
246.0914, 24.7553
246.4683, 24.8324
247.2267, 24.9093
247.6036, 24.9865
247.9806, 25.0636
248.7389, 25.1405
249.1159, 25.2177
249.4971, 25.2175
250.2467, 25.4491
250.628, 25.4489
251.0095, 25.4487
251.7633, 25.603
252.1448, 25.6028
252.5217, 25.6799
252.8987, 25.757
253.657, 25.834
254.034, 25.9111
254.4153, 25.9109
255.1692, 26.0652
255.5506, 26.065
255.9276, 26.1421
256.6815, 26.2964
257.0584, 26.3735
257.4398, 26.3733
258.1982, 26.4503
258.5751, 26.5274
258.9521, 26.6045
259.7104, 26.6815
260.0874, 26.7586
260.4643, 26.8357
261.2226, 26.9127
261.5996, 26.9898
261.9766, 27.0669
262.7349, 27.1439
263.1163, 27.1437
263.4932, 27.2208
264.2471, 27.3751
264.624, 27.4522
265.0055, 27.452
265.7638, 27.529
266.1363, 27.6834
266.5177, 27.6832
266.8947, 27.7604
267.653, 27.8373
268.0255, 27.9918
268.4025, 28.0689
269.1652, 28.0685
269.5422, 28.1457
269.9192, 28.2227
270.6731, 28.3771
271.0544, 28.3769
271.4314, 28.454
272.1853, 28.6082
272.5667, 28.608
272.9436, 28.6852
273.6976, 28.8395
274.0745, 28.9165
274.4559, 28.9163
275.2098, 29.0707
275.5912, 29.0705
275.9681, 29.1476
276.722, 29.3019
277.1034, 29.3017
277.4804, 29.3788
278.2343, 29.5331
278.6112, 29.6101
278.9926, 29.6099
279.7465, 29.7643
280.1235, 29.8414
280.5004, 29.9186
281.2588, 29.9955
281.6357, 30.0726
282.0171, 30.0725
282.3896, 30.2269
283.148, 30.3038
283.5249, 30.381
283.9019, 30.4581
284.6558, 30.6124
285.0327, 30.6895
285.4141, 30.6893
286.168, 30.8436
286.545, 30.9207
286.9219, 30.9978
287.6803, 31.0748
288.0572, 31.1519
288.4342, 31.2291
289.1925, 31.306
289.5651, 31.4605
289.9464, 31.4603
290.7003, 31.6145
291.0773, 31.6917
291.4586, 31.6915
292.2082, 31.9231
292.5851, 32.0002
292.9665, 32.0
293.7204, 32.1543
294.0974, 32.2314
294.4787, 32.2312
295.2326, 32.3855
295.6096, 32.4626
295.9866, 32.5396
296.7405, 32.694
297.1174, 32.7711
297.4944, 32.8483
298.2483, 33.0025
298.6252, 33.0796
299.0022, 33.1568
299.7561, 33.3111
300.1331, 33.3881
300.51, 33.4653
300.887, 33.5425
301.6409, 33.6966
302.0178, 33.7738
302.3948, 33.851
303.1487, 34.0052
303.5211, 34.1597
303.8982, 34.2368
304.6521, 34.3911
305.0291, 34.4682
305.406, 34.5453
306.1511, 34.8542
306.528, 34.9314
306.905, 35.0085
307.6501, 35.3174
308.027, 35.3946
308.404, 35.4717
309.1623, 35.5486
309.5304, 35.7804
309.9074, 35.8576
310.6613, 36.0118
311.0338, 36.1663
311.4152, 36.1661
312.1647, 36.3977
312.5415, 36.4748
312.9142, 36.6293
313.6636, 36.8608
314.0317, 37.0926
314.4087, 37.1698
315.1582, 37.4013
315.5351, 37.4785
315.9121, 37.5556
316.6572, 37.8645
317.0341, 37.9416
317.4111, 38.0188
318.1517, 38.405
318.5242, 38.5594
318.9012, 38.6366
319.6418, 39.0228
320.0144, 39.1773
320.3913, 39.2544
321.1275, 39.718
321.5045, 39.7951
322.2451, 40.1813
322.6044, 40.5676
322.9814, 40.6449
323.7308, 40.8765
324.0945, 41.1856
324.4626, 41.4173
325.1944, 41.9582
325.5625, 42.19
325.9306, 42.4218
326.6623, 42.9626
326.658, 43.04
