#DataThief C:\Users\heinc\Documents\lake data\hypsography\MODFLOW plainfield inset\buffer lakes\curve\norwegian.png Sunday 7-Nov-2021 10:27:00 AM
15.4834, -0.0931
16.9581, -0.0931
17.6954, -0.0931
19.1701, -0.0932
19.9074, -0.0932
20.6447, -0.0932
22.1194, -0.0933
22.8567, -0.0933
23.5939, -0.0933
25.0687, -0.0934
25.806, -0.0934
26.5433, -0.0934
28.018, -0.0935
28.7557, -0.0194
29.4929, -0.0194
30.9677, -0.0195
31.705, -0.0195
33.1796, -0.0195
33.917, -0.0196
34.6543, -0.0196
36.1289, -0.0196
36.8662, -0.0197
37.6038, 0.0544
39.0786, 0.0543
39.8159, 0.0543
40.5532, 0.0543
42.0282, 0.1283
42.7656, 0.1283
43.5029, 0.1283
44.9775, 0.1282
45.7149, 0.1282
47.1899, 0.2022
47.9272, 0.2022
48.6644, 0.2022
50.1392, 0.2022
50.8765, 0.2021
51.6138, 0.2021
53.0885, 0.2021
53.8262, 0.2761
54.5635, 0.2761
56.0381, 0.276
56.7755, 0.276
57.5131, 0.3501
58.9878, 0.35
59.725, 0.35
61.1998, 0.35
61.9371, 0.3498
62.6743, 0.3498
64.1494, 0.4239
64.8867, 0.4239
65.624, 0.4239
67.0991, 0.4979
67.8364, 0.4979
68.5737, 0.4979
70.0484, 0.4978
70.7856, 0.4978
71.523, 0.4978
72.998, 0.5718
73.7354, 0.5718
75.21, 0.5718
75.9473, 0.5716
76.6846, 0.5716
78.1593, 0.5716
78.897, 0.6457
79.6343, 0.6457
81.109, 0.6456
81.8463, 0.6456
82.5836, 0.6456
84.0583, 0.6456
84.7959, 0.7196
85.5333, 0.7196
87.0083, 0.7936
87.7456, 0.7936
89.2202, 0.7934
89.9576, 0.7934
90.6949, 0.7934
92.1699, 0.8675
92.9072, 0.8675
93.6446, 0.8675
95.1192, 0.8674
95.8565, 0.8674
96.5939, 0.8674
98.0689, 0.9414
98.8062, 0.9414
99.5434, 0.9414
101.0185, 1.0154
101.7558, 1.0154
102.4932, 1.0154
103.9678, 1.0153
104.7055, 1.0894
106.1801, 1.0893
106.9175, 1.0893
107.6548, 1.0893
109.1294, 1.0892
109.8668, 1.0892
110.6044, 1.1633
112.0791, 1.1632
112.8164, 1.1632
113.5537, 1.1632
115.0287, 1.2372
115.7664, 1.3112
116.5037, 1.3112
117.9784, 1.3112
118.7157, 1.3112
120.1904, 1.3111
120.9277, 1.3111
121.6654, 1.3851
123.14, 1.3851
123.8774, 1.3851
124.615, 1.4591
126.0897, 1.4591
126.827, 1.459
127.5643, 1.459
129.0393, 1.5331
129.7766, 1.533
130.514, 1.533
131.9886, 1.533
132.7263, 1.607
134.201, 1.607
134.9383, 1.6069
135.6756, 1.6069
137.1506, 1.681
137.8879, 1.6808
138.6253, 1.6808
140.1003, 1.7549
140.8376, 1.7549
141.5749, 1.7549
143.0499, 1.8289
143.7872, 1.8289
144.5246, 1.8289
145.9996, 1.9029
146.7368, 1.9029
148.2115, 1.9028
148.9489, 1.9028
149.6862, 1.9028
151.1612, 1.9768
151.8984, 1.9768
152.6362, 2.0508
154.1108, 2.0508
154.8485, 2.1249
155.5857, 2.1248
157.0605, 2.1248
157.7982, 2.1988
158.5354, 2.1988
160.0101, 2.1988
160.7475, 2.1987
161.4848, 2.1987
162.9598, 2.2727
163.6971, 2.2727
165.1721, 2.3468
165.9094, 2.3467
166.6468, 2.3467
168.1218, 2.4207
168.8591, 2.4207
169.5964, 2.4207
171.0714, 2.4947
171.8087, 2.4947
172.5461, 2.4947
174.0207, 2.4946
174.7584, 2.5687
175.4957, 2.5687
176.9707, 2.6427
177.708, 2.6427
179.183, 2.7167
179.9203, 2.7167
180.6577, 2.7166
182.1327, 2.7907
182.87, 2.7907
183.6073, 2.7906
185.0823, 2.8647
185.8197, 2.8646
186.5573, 2.9386
188.032, 2.9386
188.7692, 2.9386
189.507, 3.0127
190.982, 3.0867
191.7193, 3.0867
193.1939, 3.0866
193.9316, 3.1607
194.6689, 3.1607
196.1439, 3.2347
196.8813, 3.2347
197.6186, 3.2346
199.0936, 3.3087
199.8309, 3.3086
200.5682, 3.3086
202.0429, 3.3086
202.7806, 3.3826
203.5179, 3.3826
204.9925, 3.3826
205.7302, 3.4566
207.2052, 3.5306
207.9425, 3.5306
208.6799, 3.5306
210.1549, 3.6046
210.8921, 3.6046
211.6295, 3.6046
213.1049, 3.7527
213.8422, 3.7527
214.5795, 3.7526
216.0545, 3.8267
216.7917, 3.8266
217.5295, 3.9007
219.0042, 3.9005
219.7415, 3.9005
221.2165, 3.9747
221.9541, 4.0487
222.6915, 4.0487
224.1665, 4.1227
224.9038, 4.1227
225.6415, 4.1967
227.1161, 4.1967
227.8534, 4.1967
228.5911, 4.2707
230.0658, 4.2707
230.8034, 4.3447
231.5408, 4.3447
233.0158, 4.4187
233.753, 4.4187
234.4904, 4.4187
235.9654, 4.4927
236.7027, 4.4927
238.1777, 4.5667
238.9154, 4.6408
239.6526, 4.6408
241.1277, 4.7147
241.865, 4.7147
242.6027, 4.7888
244.0774, 4.7888
244.815, 4.8628
245.5524, 4.8628
247.0274, 4.9367
247.765, 5.0109
248.5024, 5.0108
249.9773, 5.0849
250.7147, 5.0849
252.1897, 5.1589
252.927, 5.1589
253.6646, 5.2328
255.1393, 5.2328
255.877, 5.3069
256.6143, 5.3069
258.0893, 5.3809
258.827, 5.455
259.5643, 5.455
261.0393, 5.529
261.7766, 5.529
262.514, 5.5289
263.9889, 5.603
264.7266, 5.677
266.2016, 5.751
266.9388, 5.751
267.6766, 5.8251
269.1513, 5.825
269.8885, 5.825
270.6263, 5.8991
272.1013, 5.9731
272.8386, 5.9731
273.5763, 6.0471
275.0512, 6.1211
275.7886, 6.1211
276.5262, 6.1952
278.0012, 6.2692
278.7386, 6.2692
280.2136, 6.3432
280.9508, 6.3432
281.6882, 6.3432
283.1632, 6.4172
283.9005, 6.4172
284.6381, 6.4912
286.1132, 6.5652
286.8509, 6.6393
287.5882, 6.6393
289.0632, 6.7133
289.8005, 6.7133
290.5382, 6.7873
292.0132, 6.8614
292.7505, 6.8613
293.4882, 6.9354
294.9632, 7.0094
295.7005, 7.0094
297.1752, 7.0093
297.9127, 7.0834
298.6505, 7.1574
300.1255, 7.2315
300.8628, 7.2315
301.6005, 7.3054
303.0751, 7.3054
303.8128, 7.3795
304.5505, 7.4536
306.0255, 7.5276
306.7628, 7.5276
307.5005, 7.6016
308.9755, 7.6756
309.713, 7.7497
311.1878, 7.7497
311.9255, 7.8237
312.6627, 7.8237
314.1378, 7.8977
314.8754, 7.9718
315.6131, 8.0458
317.0878, 8.0458
317.8251, 8.0457
318.5628, 8.1198
320.0378, 8.1938
320.7751, 8.1938
321.5128, 8.2679
322.9878, 8.3418
323.725, 8.3418
325.2001, 8.4159
325.9377, 8.4899
326.6754, 8.564
328.1504, 8.638
328.8877, 8.638
329.6254, 8.712
331.1004, 8.7861
331.8377, 8.7861
332.5751, 8.786
334.0504, 8.9341
334.7881, 9.0082
335.5253, 9.0082
337.0004, 9.0822
337.738, 9.1562
339.213, 9.2303
339.9506, 9.3043
340.688, 9.3043
342.1634, 9.4524
342.901, 9.5265
343.6383, 9.5264
345.1134, 9.6005
345.851, 9.6745
346.5884, 9.6745
348.0634, 9.7485
348.801, 9.8226
349.5387, 9.8965
351.0137, 9.9706
351.751, 9.9706
352.4887, 10.0447
353.964, 10.1928
354.7013, 10.1928
356.1763, 10.2668
356.914, 10.3408
357.6517, 10.4149
359.1267, 10.4889
359.8639, 10.4889
360.6017, 10.5629
362.0763, 10.5629
362.814, 10.637
363.5516, 10.7109
365.0267, 10.785
365.7643, 10.8591
366.502, 10.9331
367.9773, 11.0812
368.7147, 11.0812
370.1897, 11.1552
370.9273, 11.2293
371.665, 11.3033
373.14, 11.3774
373.8777, 11.4514
374.615, 11.4514
376.09, 11.5253
376.8276, 11.5995
377.5653, 11.6735
379.0407, 11.8216
379.7783, 11.8957
380.5156, 11.8957
381.991, 12.0438
382.7287, 12.1178
384.2036, 12.1918
384.9413, 12.2659
385.6785, 12.2659
387.1536, 12.3399
387.8913, 12.414
388.629, 12.488
390.1043, 12.636
390.842, 12.7102
391.5796, 12.7842
393.0546, 12.8582
393.7923, 12.9323
394.53, 13.0063
396.005, 13.0804
396.7426, 13.1544
398.2176, 13.2285
398.955, 13.2284
399.6926, 13.3025
401.168, 13.4506
401.9056, 13.5246
402.6433, 13.5987
404.1183, 13.6726
404.8559, 13.7468
405.5936, 13.8208
407.069, 13.9689
407.8066, 14.043
408.544, 14.0429
410.019, 14.117
410.7566, 14.191
411.4943, 14.2651
412.9696, 14.4132
413.7073, 14.4872
415.1827, 14.6353
415.9203, 14.7094
416.658, 14.7833
418.133, 14.8575
418.8707, 14.9315
419.6082, 15.0056
421.0836, 15.1537
421.8213, 15.2277
422.559, 15.3018
424.0343, 15.4499
424.772, 15.5239
425.5097, 15.5979
426.9847, 15.672
427.7223, 15.7461
429.1973, 15.8201
429.935, 15.8941
430.6726, 15.9682
432.1477, 16.0422
432.8853, 16.1163
433.623, 16.1903
435.0983, 16.3384
435.8359, 16.4125
436.5737, 16.4865
438.049, 16.6346
438.7867, 16.7086
439.5243, 16.7827
440.9997, 16.9308
441.737, 16.9308
443.2123, 17.0789
443.9497, 17.0789
444.6873, 17.1529
446.163, 17.3751
446.9007, 17.4492
447.6383, 17.5232
449.1134, 17.5972
449.851, 17.6713
450.5887, 17.7454
452.064, 17.8935
452.8016, 17.9675
453.5394, 18.0416
455.0147, 18.1897
455.7524, 18.2637
456.49, 18.3378
457.9654, 18.4859
458.7029, 18.5598
460.1784, 18.708
460.916, 18.7821
461.6537, 18.8561
463.1291, 19.0042
463.8667, 19.0783
464.6044, 19.1522
466.0796, 19.3004
466.8174, 19.3745
467.5551, 19.4485
469.0304, 19.5966
469.7681, 19.6707
470.5057, 19.7447
471.9814, 19.9668
472.7187, 19.9668
474.1944, 20.1891
474.9321, 20.2631
475.6698, 20.3372
477.1451, 20.4853
477.8831, 20.6334
478.6208, 20.7074
480.0958, 20.7814
480.8334, 20.8555
481.5714, 21.0037
483.0468, 21.1518
483.7848, 21.2999
484.5231, 21.5221
485.9985, 21.6702
486.7358, 21.6702
488.2111, 21.8183
488.9487, 21.8923
489.6865, 21.9664
491.1618, 22.1145
491.8995, 22.1885
492.6372, 22.2626
494.1128, 22.4847
494.8508, 22.6329
495.5892, 22.8551
497.0645, 23.0032
497.8022, 23.0772
498.5399, 23.1513
500.0152, 23.2993
500.7532, 23.4475
501.4905, 23.4475
502.9662, 23.6697
503.7039, 23.7437
505.1796, 23.9659
505.9176, 24.114
506.6552, 24.1881
508.1306, 24.3362
508.8686, 24.4843
509.6066, 24.6324
511.0819, 24.7805
511.8199, 24.9285
512.5575, 25.0027
514.033, 25.1508
514.771, 25.2989
515.509, 25.4471
516.9847, 25.6692
517.7227, 25.8174
519.198, 25.9655
519.9367, 26.2617
520.6743, 26.3357
522.15, 26.558
522.8877, 26.632
523.6254, 26.7061
525.1017, 27.0764
525.8394, 27.1504
526.5774, 27.2986
528.0531, 27.5207
528.7908, 27.5948
529.5284, 27.6688
531.0051, 28.1132
531.7428, 28.1873
533.2187, 28.4835
533.9565, 28.5575
534.6947, 28.7798
536.1705, 29.002
536.9082, 29.076
537.6461, 29.2241
539.1222, 29.5204
539.8601, 29.6684
540.5979, 29.7426
542.0739, 30.0388
542.8115, 30.1129
543.5499, 30.3351
545.026, 30.6313
545.7635, 30.7054
546.5023, 31.0017
547.978, 31.2238
548.7157, 31.2979
550.1917, 31.5941
550.9297, 31.7423
551.6674, 31.8163
553.1441, 32.2607
553.882, 32.4088
554.62, 32.557
556.0971, 33.0754
556.8348, 33.1495
557.5731, 33.3717
559.0502, 33.8902
559.7882, 34.0383
560.5262, 34.1864
562.0029, 34.6308
562.7406, 34.7048
564.2176, 35.2233
564.956, 35.4455
565.6936, 35.5196
567.1714, 36.1862
567.909, 36.2602
568.647, 36.4083
570.1244, 37.0009
570.8631, 37.2972
571.6018, 37.5935
573.0799, 38.3342
573.8175, 38.4082
574.5562, 38.7045
