#DataThief C:\Users\heinc\Documents\lake data\hypsography\MODFLOW plainfield inset\buffer lakes\curve\oldtaylor.png Sunday 7-Nov-2021 10:28:39 AM
-0.1016, -0.0404
1.1156, 2.6281e-4
1.927, 4.5394e-4
3.144, 7.4064e-4
3.9554, 9.3177e-4
5.1726, 0.0416
5.984, 0.0418
7.2012, 0.0825
8.0126, 0.0827
9.2296, 0.0829
10.0412, 0.1235
11.2584, 0.1642
12.0698, 0.1644
13.2868, 0.1647
14.0984, 0.2052
14.9098, 0.2054
16.1268, 0.2057
16.9384, 0.2463
18.1554, 0.2466
18.9668, 0.2468
20.184, 0.2873
20.9956, 0.328
22.2126, 0.3283
23.024, 0.3285
24.2412, 0.3692
25.0526, 0.3694
26.2696, 0.3696
27.0812, 0.4102
28.2982, 0.4104
29.1098, 0.4511
29.9212, 0.4513
31.1381, 0.4516
31.9498, 0.4921
33.167, 0.5328
33.9784, 0.533
35.1954, 0.5333
36.0068, 0.5335
37.224, 0.5741
38.0354, 0.5743
39.2526, 0.615
40.064, 0.6152
41.2812, 0.6559
42.0926, 0.6561
42.9041, 0.6966
44.1212, 0.6968
44.9325, 0.6971
46.1498, 0.7378
46.9611, 0.738
48.1784, 0.7786
48.9898, 0.7788
50.207, 0.8195
51.0184, 0.8197
52.2358, 0.9007
53.0472, 0.9009
54.2642, 0.9012
55.0756, 0.9014
56.2928, 0.9421
57.1042, 0.9423
57.9157, 0.9828
59.1328, 0.983
59.9441, 0.9832
61.1612, 0.9836
61.9727, 1.0242
63.19, 1.0649
64.0013, 1.0651
65.2186, 1.1057
66.0299, 1.1059
67.2472, 1.1466
68.0586, 1.1468
69.2758, 1.1874
70.0872, 1.1876
70.8987, 1.2282
72.1158, 1.2285
72.9271, 1.2287
74.1444, 1.2694
74.9559, 1.3099
76.173, 1.3102
76.9845, 1.3508
78.2016, 1.3511
79.0131, 1.3917
80.2302, 1.3919
81.0417, 1.4325
82.259, 1.4732
83.0704, 1.4734
84.2873, 1.4737
85.099, 1.5142
85.9102, 1.5144
87.1276, 1.5551
87.9388, 1.5553
89.1562, 1.596
89.9677, 1.6364
91.1848, 1.6368
91.9961, 1.637
93.2134, 1.6777
94.0247, 1.6779
95.242, 1.7185
96.0535, 1.7591
97.2708, 1.7997
98.0822, 1.8
99.2993, 1.8407
100.1108, 1.8408
100.9221, 1.841
102.1394, 1.8817
102.9508, 1.9223
104.1682, 1.963
104.9795, 1.963
106.1968, 2.0038
107.0081, 2.004
108.2254, 2.0447
109.0367, 2.0449
110.254, 2.0855
111.0655, 2.1261
112.2826, 2.1264
113.0942, 2.167
113.9055, 2.1672
115.1228, 2.2078
115.9341, 2.208
117.1514, 2.2487
117.9628, 2.2893
119.18, 2.2896
119.9915, 2.3301
121.2086, 2.3304
122.0201, 2.371
123.2374, 2.4117
124.0487, 2.4119
125.266, 2.4525
126.0776, 2.4931
127.2948, 2.5338
128.1062, 2.534
128.9177, 2.5745
130.135, 2.6152
130.9463, 2.6154
132.1636, 2.6561
132.9748, 2.6562
134.1922, 2.6968
135.0037, 2.7375
136.221, 2.7782
137.0323, 2.7784
138.2496, 2.819
139.0609, 2.8192
140.2782, 2.8599
141.0898, 2.9005
141.9011, 2.9007
143.1184, 2.9413
143.9297, 2.9415
145.147, 2.9822
145.9585, 3.0228
147.1756, 3.0231
147.987, 3.0636
149.2044, 3.1043
150.0159, 3.1449
151.2332, 3.1856
152.0446, 3.1857
153.2618, 3.2264
154.0734, 3.267
155.2906, 3.3077
156.102, 3.3078
156.9135, 3.3484
158.1308, 3.3891
158.9421, 3.3893
160.1596, 3.4703
160.9708, 3.4705
162.1882, 3.5112
162.9996, 3.5114
164.2168, 3.5521
165.0284, 3.5926
166.2456, 3.6333
167.0572, 3.6739
168.2742, 3.6742
169.0858, 3.7147
170.303, 3.7553
171.1146, 3.796
171.9261, 3.8366
173.1434, 3.8772
173.9548, 3.8774
175.172, 3.9181
175.9836, 3.9586
177.2008, 3.9992
178.0122, 3.9995
179.2296, 4.0806
180.041, 4.0808
181.2582, 4.1214
182.0698, 4.162
183.287, 4.2027
184.0986, 4.2433
184.9102, 4.2838
186.1272, 4.2841
186.9388, 4.3247
188.1562, 4.4058
188.9678, 4.4463
190.185, 4.487
190.9964, 4.4872
192.2138, 4.5682
193.0254, 4.6088
194.2426, 4.6495
195.0542, 4.6901
196.2715, 4.7307
197.083, 4.7713
198.3003, 4.812
199.1116, 4.8122
199.9232, 4.8527
201.1406, 4.9338
201.9522, 4.9744
203.1697, 5.0554
203.9811, 5.096
205.1985, 5.1367
206.01, 5.1773
207.2275, 5.2583
208.039, 5.2989
209.2565, 5.3799
210.0681, 5.4205
211.2854, 5.5016
212.0971, 5.5421
212.9085, 5.5827
214.1261, 5.6638
214.9376, 5.7043
216.1551, 5.7854
216.9668, 5.8664
218.1843, 5.9474
218.9959, 5.988
220.2133, 6.069
221.0251, 6.15
222.2423, 6.1907
223.0541, 6.2716
224.2716, 6.3527
225.0833, 6.4336
226.3008, 6.5147
227.1123, 6.5553
227.9241, 6.6362
229.1416, 6.7173
229.9533, 6.7982
231.171, 6.9197
231.9826, 6.9603
233.2002, 7.0817
234.0118, 7.1223
235.2294, 7.2437
236.0416, 7.4054
237.2595, 7.5672
238.071, 7.6078
239.2887, 7.7292
240.1003, 7.7698
240.9122, 7.8912
242.1299, 8.0126
242.9421, 8.1743
244.1597, 8.2958
244.9719, 8.4575
246.1898, 8.6193
247.0017, 8.7407
248.2196, 8.9024
249.0314, 8.9835
250.2492, 9.1453
251.061, 9.2262
252.2793, 9.4687
253.0914, 9.6305
253.9034, 9.7519
255.1217, 9.9945
255.9339, 10.1562
257.1521, 10.3988
257.9643, 10.5605
259.1826, 10.8031
259.995, 11.0052
261.2138, 11.369
262.0277, 11.8538
263.2496, 12.8232
264.0657, 13.7523
265.2987, 16.9024
265.2987, 16.9024
