#DataThief C:\Users\heinc\Documents\lake data\hypsography\MODFLOW plainfield inset\buffer lakes\curve\shadow.png Sunday 7-Nov-2021 10:32:49 AM
-0.3546, -0.0669
0.987, -0.0711
2.3287, -0.0754
3.6703, -0.0796
5.012, -0.084
6.3536, -0.0882
7.6953, -0.0925
9.0752, 0.0391
10.4169, 0.0348
11.7585, 0.0305
13.1384, 0.1621
14.4801, 0.1578
15.8216, 0.1535
17.1634, 0.1492
18.5433, 0.2808
19.8849, 0.2765
21.2266, 0.2723
22.5682, 0.268
23.9099, 0.2637
25.2515, 0.2594
26.5931, 0.2551
27.9731, 0.3867
29.3147, 0.3825
30.6564, 0.3782
31.998, 0.3739
33.378, 0.5055
34.7196, 0.5011
36.0995, 0.6328
37.4412, 0.6284
38.7828, 0.6242
40.1245, 0.6199
41.4661, 0.6157
42.8077, 0.6114
44.1877, 0.7429
45.5293, 0.7387
46.871, 0.7344
48.2126, 0.7301
49.5542, 0.7258
50.9342, 0.8574
52.2758, 0.8531
53.6175, 0.8489
54.959, 0.8446
56.3391, 0.9761
57.7189, 1.1077
59.0606, 1.1034
60.4022, 1.0992
61.7439, 1.0949
63.0856, 1.0906
64.4655, 1.2222
65.8071, 1.2179
67.1488, 1.2136
68.4904, 1.2093
69.8704, 1.3409
71.212, 1.3366
72.5535, 1.3324
73.8953, 1.3281
75.2368, 1.3237
76.6169, 1.4554
77.9585, 1.4511
79.3385, 1.5827
80.6801, 1.5784
82.0217, 1.5741
83.3634, 1.5697
84.7433, 1.7014
86.085, 1.6971
87.4266, 1.6928
88.8066, 1.8244
90.1482, 1.8201
91.4898, 1.8159
92.8315, 1.8115
94.1731, 1.8073
95.5147, 1.803
96.8947, 1.9346
98.2363, 1.9303
99.6162, 2.0619
100.9579, 2.0576
102.3378, 2.1892
103.6795, 2.1849
105.0211, 2.1806
106.4011, 2.3122
107.7427, 2.3079
109.0844, 2.3035
110.426, 2.2993
111.7675, 2.2951
113.1093, 2.2908
114.4892, 2.4224
115.8309, 2.4181
117.2107, 2.5497
118.5525, 2.5453
119.8941, 2.5411
121.274, 2.6726
122.6157, 2.6684
123.9573, 2.6641
125.3373, 2.7957
126.6789, 2.7913
128.0205, 2.7872
129.3622, 2.7829
130.7038, 2.7786
132.1221, 3.046
133.4637, 3.0417
134.8054, 3.0375
136.1853, 3.169
137.5269, 3.1647
138.8686, 3.1605
140.2485, 3.292
141.5901, 3.2878
142.9318, 3.2835
144.3118, 3.4151
145.6534, 3.4108
147.0333, 3.5423
148.375, 3.5381
149.7166, 3.5338
151.0583, 3.5295
152.4382, 3.6611
153.7798, 3.6568
155.1598, 3.7884
156.5013, 3.7841
157.8814, 3.9157
159.223, 3.9114
160.5647, 3.9071
161.9445, 4.0387
163.2862, 4.0344
164.6279, 4.0301
165.9695, 4.0258
167.3495, 4.1574
168.7294, 4.289
170.0711, 4.2847
171.4127, 4.2804
172.7543, 4.2761
174.1343, 4.4077
175.4759, 4.4034
176.8559, 4.535
178.1975, 4.5307
179.5391, 4.5265
180.9191, 4.658
182.299, 4.7896
183.6407, 4.7852
184.9823, 4.781
186.3623, 4.9125
187.7039, 4.9083
189.0455, 4.904
190.4255, 5.0356
191.7671, 5.0313
193.1471, 5.1629
194.4887, 5.1586
195.8687, 5.2902
197.2486, 5.4218
198.5901, 5.4175
199.9702, 5.549
201.3118, 5.5448
202.6535, 5.5405
204.0334, 5.6721
205.3751, 5.6678
206.7167, 5.6635
208.0966, 5.7951
209.4383, 5.7908
210.8182, 5.9224
212.1982, 6.0539
213.5398, 6.0496
214.9198, 6.1812
216.2614, 6.1769
217.603, 6.1727
218.983, 6.3042
220.3246, 6.3
221.7046, 6.4315
223.0462, 6.4272
224.4262, 6.5588
225.8061, 6.6904
227.1477, 6.6861
228.4894, 6.6818
229.8693, 6.8134
231.211, 6.8091
232.5909, 6.9407
233.9325, 6.9364
235.2742, 6.9321
236.6541, 7.0637
237.9958, 7.0594
239.3757, 7.191
240.7174, 7.1867
242.0973, 7.3183
243.4772, 7.4498
244.8189, 7.4456
246.1988, 7.5771
247.5788, 7.7086
248.9203, 7.7044
250.3004, 7.8359
251.642, 7.8317
252.9836, 7.8274
254.3636, 7.959
255.7435, 8.0906
257.0852, 8.0863
258.4651, 8.2178
259.8451, 8.3494
261.1867, 8.3451
262.5667, 8.4767
263.9083, 8.4724
265.2499, 8.4681
266.6299, 8.5997
268.0098, 8.7313
269.3515, 8.7269
270.7314, 8.8586
272.1114, 8.9901
273.453, 8.9859
274.7946, 8.9816
276.1746, 9.1131
277.5545, 9.2447
278.9344, 9.3763
280.3144, 9.5078
281.6944, 9.6394
283.036, 9.6351
284.3776, 9.6308
285.7576, 9.7624
287.0992, 9.7581
288.4792, 9.8897
289.8208, 9.8854
291.1625, 9.8812
292.5424, 10.0127
293.884, 10.0084
295.264, 10.14
296.6056, 10.1357
297.9473, 10.1315
299.3272, 10.263
300.7072, 10.3946
302.0488, 10.3902
303.3904, 10.386
304.7704, 10.5175
306.1503, 10.6492
307.492, 10.6449
308.8336, 10.6406
310.2136, 10.7722
311.5935, 10.9037
312.9351, 10.8995
314.2768, 10.8952
315.6566, 11.0268
316.9984, 11.0225
318.34, 11.0182
319.72, 11.1498
321.0616, 11.1455
322.4415, 11.2771
323.8215, 11.4086
325.1631, 11.4043
326.5048, 11.4001
327.8847, 11.5316
329.2263, 11.5274
330.6063, 11.6589
331.9479, 11.6547
333.3279, 11.7862
334.7078, 11.9178
336.0495, 11.9135
337.3911, 11.9092
338.7711, 12.0408
340.151, 12.1724
341.4926, 12.1681
342.8343, 12.1638
344.2142, 12.2953
345.5558, 12.2911
346.8975, 12.2868
348.2774, 12.4184
349.6191, 12.4141
350.999, 12.5457
352.3407, 12.5413
353.7206, 12.673
355.0623, 12.6686
356.4422, 12.8003
357.7838, 12.796
359.1638, 12.9275
360.5053, 12.9233
361.8854, 13.0548
363.2652, 13.1864
364.607, 13.1821
365.9485, 13.1778
367.3285, 13.3094
368.6702, 13.3051
370.0501, 13.4367
371.3918, 13.4324
372.7334, 13.4282
374.1517, 13.6956
375.4933, 13.6913
376.8349, 13.687
378.2149, 13.8186
379.5565, 13.8143
380.8982, 13.81
382.2781, 13.9416
383.6198, 13.9373
384.9614, 13.933
386.3413, 14.0646
387.7213, 14.1962
389.0629, 14.1919
390.4429, 14.3235
391.7845, 14.3192
393.1645, 14.4506
394.5061, 14.4465
395.8477, 14.4422
397.2277, 14.5737
398.6076, 14.7053
399.9493, 14.701
401.3292, 14.8326
402.6709, 14.8283
404.0508, 14.9599
405.3924, 14.9556
406.7341, 14.9513
408.114, 15.0829
409.494, 15.2145
410.8356, 15.2102
412.2156, 15.3418
413.5572, 15.3375
414.9371, 15.4691
416.2788, 15.4647
417.6204, 15.4605
419.0004, 15.592
420.3803, 15.7236
421.722, 15.7194
423.0636, 15.7151
424.4435, 15.8466
425.7852, 15.8424
427.1651, 15.9739
428.5451, 16.1055
429.8867, 16.1012
431.2667, 16.2328
432.6082, 16.2285
433.9882, 16.3601
435.3299, 16.3558
436.7098, 16.4874
438.0515, 16.483
439.3931, 16.4788
440.7731, 16.6104
442.1147, 16.6061
443.4946, 16.7377
444.8363, 16.7334
446.2162, 16.865
447.5962, 16.9965
448.9378, 16.9923
450.2793, 16.988
451.6594, 17.1195
453.001, 17.1153
454.381, 17.2468
455.7226, 17.2426
457.1026, 17.374
458.4442, 17.3698
459.8241, 17.5013
461.1658, 17.4971
462.5457, 17.6287
463.8874, 17.6244
465.229, 17.62
466.609, 17.7517
467.9889, 17.8833
469.3305, 17.879
470.7105, 18.0106
472.0904, 18.1421
473.4704, 18.2737
474.812, 18.2694
476.1537, 18.2651
477.5335, 18.3967
478.8752, 18.3924
480.2169, 18.3881
481.5968, 18.5197
482.9768, 18.6513
484.3184, 18.647
485.6984, 18.7786
487.04, 18.7743
488.42, 18.9059
489.7616, 18.9016
491.1032, 18.8973
492.4832, 19.0289
493.8248, 19.0246
495.2048, 19.1562
496.5464, 19.1519
497.9263, 19.2835
499.3063, 19.415
500.6479, 19.4107
502.0279, 19.5423
503.3695, 19.538
504.7112, 19.5338
506.0911, 19.6653
507.471, 19.7969
508.8127, 19.7926
510.1543, 19.7883
511.5343, 19.9199
512.8759, 19.9156
514.2559, 20.0472
515.6358, 20.1788
516.9774, 20.1745
518.3574, 20.3061
519.7372, 20.4376
521.1173, 20.5692
522.4588, 20.5649
523.8006, 20.5606
525.1804, 20.6922
526.5605, 20.8237
527.9021, 20.8195
529.282, 20.951
530.6237, 20.9468
532.0036, 21.0783
533.3453, 21.0741
534.6869, 21.0698
536.0285, 21.0655
537.4085, 21.1971
538.8267, 21.4645
540.1684, 21.4602
541.51, 21.4559
542.89, 21.5875
544.2316, 21.5832
545.6116, 21.7147
546.9915, 21.8463
548.3331, 21.842
549.713, 21.9736
551.0547, 21.9694
552.4346, 22.1009
553.7763, 22.0967
555.1562, 22.2282
556.5362, 22.3598
557.8778, 22.3555
559.2578, 22.487
560.6377, 22.6186
561.9794, 22.6143
563.3593, 22.7459
564.701, 22.7416
566.0809, 22.8732
567.4609, 23.0048
568.8025, 23.0005
570.1824, 23.132
571.5624, 23.2636
572.904, 23.2594
574.284, 23.3909
575.6639, 23.5225
577.0056, 23.5182
578.3855, 23.6498
579.7654, 23.7812
581.1071, 23.7771
582.487, 23.9085
583.867, 24.0402
585.2086, 24.0359
586.5886, 24.1675
587.9302, 24.1632
589.3101, 24.2948
590.6518, 24.2905
592.07, 24.5579
593.4117, 24.5535
594.7915, 24.6852
596.1716, 24.8168
597.5514, 24.9483
598.8932, 24.944
600.2731, 25.0756
601.6531, 25.2072
602.9947, 25.2029
604.3746, 25.3345
605.7546, 25.466
607.1345, 25.5976
608.4762, 25.5933
609.8178, 25.589
611.1978, 25.7206
612.5777, 25.8521
613.9576, 25.9837
615.3376, 26.1153
616.6792, 26.111
618.0592, 26.2426
619.4391, 26.3742
620.8191, 26.5057
622.199, 26.6373
623.5407, 26.633
624.9205, 26.7646
626.3005, 26.8961
627.7187, 27.1635
629.0604, 27.1593
630.4021, 27.155
631.782, 27.2866
633.162, 27.4181
634.5802, 27.6855
635.9219, 27.6812
637.3018, 27.8128
638.6434, 27.8085
640.0234, 27.9401
641.4033, 28.0717
642.7833, 28.2032
644.1632, 28.3348
645.5432, 28.4664
646.9231, 28.5979
648.2648, 28.5936
649.683, 28.8611
651.0247, 28.8568
652.4046, 28.9883
653.7845, 29.1199
655.2028, 29.3873
656.5444, 29.383
657.9243, 29.5146
659.3043, 29.6461
660.6843, 29.7776
662.0642, 29.9093
663.4442, 30.0409
664.8241, 30.1724
666.2041, 30.304
667.584, 30.4356
668.964, 30.5671
670.3439, 30.6987
671.7238, 30.8302
673.1038, 30.9618
674.4837, 31.0934
675.8637, 31.2248
677.2436, 31.3565
678.6236, 31.4881
680.0035, 31.6196
681.3835, 31.7511
682.7633, 31.8828
684.1434, 32.0143
685.5232, 32.1459
686.9416, 32.4133
688.3215, 32.5449
689.7781, 32.9481
691.158, 33.0796
692.5763, 33.3471
693.9562, 33.4786
695.3362, 33.6101
696.7161, 33.7418
698.1344, 34.0092
699.5143, 34.1407
700.8942, 34.2723
702.2359, 34.268
703.6158, 34.3996
704.9958, 34.5312
706.3757, 34.6627
707.8706, 35.2018
709.2888, 35.4692
710.6688, 35.6008
712.0487, 35.7323
713.4287, 35.8639
714.8086, 35.9955
716.2652, 36.3987
717.6451, 36.5303
719.0251, 36.6618
720.405, 36.7934
721.8616, 37.1967
723.2415, 37.3282
724.6215, 37.4598
726.0014, 37.5913
727.4963, 38.1304
728.9144, 38.3978
730.2945, 38.5293
731.7127, 38.7968
733.1693, 39.2
734.5875, 39.4675
736.0058, 39.7349
737.3857, 39.8664
738.804, 40.1338
740.2989, 40.6729
741.6404, 40.6686
741.6787, 40.8045
743.0205, 40.8002
743.0205, 40.8002
