#DataThief C:\Users\heinc\Documents\lake data\hypsography\MODFLOW plainfield inset\buffer lakes\curve\spencer.png Sunday 7-Nov-2021 10:36:43 AM
-1.0091, -0.1514
3.0274, -0.1509
7.0639, -0.1504
11.1004, -0.1499
15.137, -0.1494
19.1735, -0.149
23.21, -0.1485
27.2465, -0.148
31.283, 0.0542
35.3195, 0.0547
39.3561, 0.0551
43.3926, -0.1461
47.4291, -0.1456
51.4656, -0.1451
55.5022, -0.1446
59.5387, -0.1441
63.5752, -0.1436
67.6117, -0.1431
71.6482, -0.1427
75.6848, -0.1421
71.6482, 0.059
67.6117, 0.0585
63.5752, 0.2597
59.5387, 0.4609
63.5752, 0.6631
67.6117, 0.6636
71.6482, 0.6641
75.6848, 0.6644
79.7213, 0.665
83.7578, 0.6655
87.7943, 0.8677
91.8309, 0.8681
95.8674, 1.0703
99.9039, 1.0708
103.9404, 1.0713
107.9769, 1.0718
112.0135, 1.274
116.05, 1.2744
120.0865, 1.2749
124.123, 1.2753
128.1595, 1.2759
132.1961, 1.4781
136.2326, 1.4785
140.2691, 1.479
144.3056, 1.4795
148.3421, 1.48
152.3787, 1.4805
156.4152, 1.6825
160.4517, 1.6831
164.4882, 1.6836
168.5247, 1.8858
172.5613, 1.8862
176.5977, 1.8867
180.6343, 2.0889
184.6707, 2.0894
188.7074, 2.0899
192.7439, 2.0904
196.7804, 2.2925
200.8169, 2.293
204.8534, 2.2934
208.89, 2.294
212.9264, 2.4961
216.963, 2.4966
220.9995, 2.4971
225.036, 2.6993
229.0726, 2.6998
233.1091, 2.9019
237.1456, 2.9024
241.1821, 3.1046
245.2186, 3.1051
249.2551, 3.1056
253.2917, 3.106
257.3282, 3.3082
261.3647, 3.3087
265.4012, 3.5109
269.4378, 3.5112
273.4743, 3.5118
277.5108, 3.714
281.5473, 3.7145
285.5838, 3.7149
289.6204, 3.9171
293.6569, 3.9176
297.6934, 3.9181
301.7299, 4.1203
305.7665, 4.1207
309.803, 4.1212
313.8395, 4.3234
317.876, 4.3239
321.9125, 4.526
325.9491, 4.5265
329.9856, 4.527
334.0221, 4.5274
338.0586, 4.7297
342.0951, 4.7301
346.1317, 4.7306
350.1682, 4.9327
354.2046, 4.9333
358.2412, 4.9338
362.2778, 5.1359
366.3143, 5.1364
370.3508, 5.3386
374.3873, 5.3391
378.4238, 5.3395
382.4604, 5.5417
386.4969, 5.5422
390.5333, 5.5427
394.5699, 5.7448
398.6064, 5.7452
402.643, 5.7458
406.6795, 5.948
410.716, 5.9485
414.7525, 6.1506
418.789, 6.1511
422.8256, 6.1516
426.862, 6.3538
430.8986, 6.3542
434.9351, 6.3547
438.9716, 6.3552
443.0082, 6.5574
447.0447, 6.5579
451.0812, 6.76
455.1177, 6.7605
459.1543, 6.9627
463.1908, 6.9632
467.2273, 7.1653
471.2638, 7.1658
475.3003, 7.1663
479.3369, 7.3685
483.3734, 7.369
487.4099, 7.5711
491.4464, 7.5716
495.4828, 7.7738
499.5194, 7.7743
503.556, 7.7747
507.5925, 7.9769
511.629, 7.9774
515.6655, 7.9779
519.7021, 8.18
523.7386, 8.1804
527.7751, 8.181
531.8115, 8.3832
535.8481, 8.3837
539.8847, 8.5857
543.9212, 8.5863
547.9577, 8.5868
551.9942, 8.789
556.0308, 8.7894
560.0673, 8.7899
564.1038, 8.7904
568.1403, 8.9926
572.1768, 9.1947
576.2134, 9.1952
580.2499, 9.3974
584.2864, 9.3979
588.3229, 9.3984
592.3594, 9.6005
596.396, 9.601
600.4325, 9.6015
604.4689, 9.8037
608.5055, 9.8041
612.542, 10.0063
616.5786, 10.0068
620.6151, 10.209
624.6516, 10.2094
628.6881, 10.2099
632.7247, 10.4121
636.7612, 10.4126
640.7976, 10.4131
644.8342, 10.6152
648.8707, 10.6157
652.9073, 10.8178
656.9438, 10.8184
660.9803, 10.8188
665.0168, 11.021
669.0533, 11.0215
673.0899, 11.2237
677.1264, 11.2241
681.1629, 11.2246
685.1994, 11.2251
689.2359, 11.4273
693.2725, 11.6294
697.309, 11.6299
701.3455, 11.6303
705.382, 11.8326
709.4184, 11.8331
713.4551, 12.0352
717.4916, 12.0357
721.5281, 12.0362
725.5646, 12.2384
729.6012, 12.2388
733.6377, 12.441
737.6742, 12.4415
741.7107, 12.6437
745.7471, 12.6441
749.7838, 12.8463
753.8203, 12.8468
757.8568, 13.049
761.8933, 13.0493
765.9298, 13.0499
769.9664, 13.2521
774.0029, 13.2526
778.0394, 13.4546
782.0759, 13.4552
786.1124, 13.6574
790.149, 13.6579
794.1855, 13.6583
798.222, 13.8605
802.2585, 13.861
806.2951, 14.0632
810.3316, 14.2652
814.3681, 14.2658
818.4046, 14.468
822.4411, 14.4685
826.4777, 14.6705
830.5142, 14.6711
834.5507, 14.6716
838.5872, 14.8738
842.6237, 15.0759
846.6602, 15.0764
850.6968, 15.2786
854.7332, 15.2791
858.7698, 15.2796
862.8063, 15.4817
866.8429, 15.4822
870.8794, 15.6844
874.9159, 15.6848
878.9524, 15.887
882.9889, 15.8875
887.0255, 16.0897
891.062, 16.0902
895.0985, 16.2923
899.135, 16.2928
903.1716, 16.495
907.2081, 16.4955
911.2446, 16.6976
915.2811, 16.6981
919.3176, 16.9003
923.3542, 16.9008
927.3907, 16.9012
931.4272, 17.1034
935.4637, 17.1039
939.5002, 17.3061
943.5368, 17.3065
947.5733, 17.5087
951.6098, 17.5091
955.6463, 17.5097
959.6827, 17.7118
963.7194, 17.7123
967.7559, 17.9144
971.7924, 17.915
975.8289, 18.1171
979.8654, 18.1176
983.902, 18.3197
987.9385, 18.3203
991.975, 18.5224
996.0115, 18.5229
1000.0481, 18.5234
1004.0846, 18.7256
1008.1211, 18.7261
1012.1576, 18.9282
1016.1941, 18.9287
1020.2307, 19.1309
1024.2671, 19.1314
1028.3037, 19.3335
1032.3402, 19.334
1036.3767, 19.3345
1040.4133, 19.5367
1044.4498, 19.5371
1048.4863, 19.7393
1052.5228, 19.7398
1056.5593, 19.942
1060.5958, 19.9424
1064.6324, 20.1446
1068.6689, 20.1451
1072.7054, 20.3473
1076.742, 20.3477
1080.7785, 20.5499
1084.815, 20.5504
1088.8515, 20.7526
1092.888, 20.753
1096.9245, 20.9552
1100.9611, 20.9557
1104.9976, 20.9562
1109.0341, 21.1583
1113.0706, 21.1588
1117.1072, 21.361
1121.1437, 21.3615
1125.1802, 21.5636
1129.2167, 21.5641
1133.2532, 21.5646
1137.2898, 21.7668
1141.3263, 21.7673
1145.3628, 21.9694
1149.3993, 21.9699
1153.4358, 22.1721
1157.4724, 22.1726
1161.5089, 22.3747
1165.5453, 22.3752
1169.5819, 22.3757
1173.6185, 22.5779
1177.655, 22.5783
1181.6915, 22.7805
1185.728, 22.781
1189.7645, 22.9832
1193.8011, 22.9836
1197.8376, 23.1858
1201.874, 23.1863
1205.9106, 23.3885
1209.9471, 23.3889
1213.9837, 23.5911
1218.0202, 23.5916
1222.0567, 23.7938
1226.0932, 23.7942
1230.1297, 23.9964
1234.1663, 23.9969
1238.2028, 24.1991
1242.2393, 24.1995
1246.2758, 24.2
1250.3123, 24.4022
1254.3489, 24.4027
1258.3854, 24.6048
1262.4219, 24.807
1266.4584, 24.8075
1270.495, 24.808
1274.5314, 25.0101
1278.568, 25.0106
1282.6045, 25.2128
1286.641, 25.2133
1290.6776, 25.4154
1294.7141, 25.4159
1298.7506, 25.6181
1302.7871, 25.6186
1306.8235, 25.8207
1310.8601, 25.8212
1314.8967, 26.0234
1318.9332, 26.0239
1322.9697, 26.0244
1327.0062, 26.2265
1331.0428, 26.227
1335.0793, 26.4292
1339.1158, 26.4297
1343.1522, 26.6318
1347.1889, 26.6322
1351.2254, 26.8345
1355.2619, 26.835
1359.2984, 27.0371
1363.3349, 27.2393
1367.3715, 27.2398
1371.408, 27.2403
1375.4445, 27.2407
1379.4809, 27.4429
1383.5175, 27.4434
1387.5541, 27.6456
1391.5906, 27.8477
1395.6271, 28.0499
1399.6636, 28.0504
1403.7001, 28.0509
1407.7367, 28.253
1411.7732, 28.2535
1415.8096, 28.254
1419.8462, 28.4562
1423.8827, 28.6583
1427.9193, 28.6588
1431.9558, 28.861
1435.9923, 28.8615
1440.0288, 28.8618
1444.0654, 29.0641
1448.1019, 29.2663
1452.1384, 29.4684
1456.1749, 29.4689
1460.2114, 29.6711
1464.248, 29.6716
1468.2845, 29.8737
1472.321, 29.8742
1476.3575, 30.0764
1480.394, 30.0769
1484.4306, 30.279
1488.4671, 30.2795
1492.5036, 30.4817
1496.5401, 30.4822
1500.5766, 30.6843
1504.6132, 30.6848
1508.6497, 30.6853
1512.6862, 30.8875
1516.7227, 31.0896
1520.7593, 31.0901
1524.7957, 31.2923
1528.8323, 31.2928
1532.8688, 31.4949
1536.9053, 31.4954
1540.9419, 31.6976
1544.9784, 31.6981
1549.0149, 31.9002
1553.0514, 31.9007
1557.0879, 32.1029
1561.1245, 32.1034
1565.161, 32.1039
1569.1975, 32.306
1573.234, 32.5082
1577.2705, 32.5087
1581.3071, 32.7107
1585.3436, 32.913
1589.3801, 32.9135
1593.4166, 33.1157
1597.4531, 33.1161
1601.4897, 33.3183
1605.5262, 33.3188
1609.5627, 33.521
1613.5992, 33.7231
1617.6358, 33.7236
1621.6723, 33.9258
1625.7088, 33.9263
1629.7452, 34.1284
1633.7818, 34.1289
1637.8184, 34.3311
1641.8549, 34.3316
1645.8914, 34.5337
1649.9279, 34.7359
1653.9644, 34.7364
1658.001, 34.7368
1662.0375, 34.939
1666.074, 35.1412
1670.1105, 35.1417
1674.147, 35.3437
1678.1836, 35.3443
1682.2201, 35.5465
1686.2566, 35.547
1690.2931, 35.749
1694.3296, 35.7496
1698.3662, 35.9518
1702.4027, 35.9523
1706.4392, 36.1544
1710.4757, 36.1549
1714.5123, 36.3571
1718.5488, 36.3576
1722.5853, 36.5596
1726.6218, 36.7619
1730.6583, 36.7624
1734.6949, 36.9645
1738.7314, 36.9649
1742.7679, 37.1672
1746.8044, 37.1677
1750.8409, 37.3698
1754.8775, 37.572
1758.914, 37.5725
1762.9505, 37.7747
1766.987, 37.9768
1771.0235, 38.179
1775.0601, 38.1795
1779.0966, 38.3816
1783.1331, 38.5838
1787.1696, 38.5843
1791.2062, 38.7865
1795.2427, 38.9886
1799.2792, 38.9891
1803.3157, 39.1913
1807.3522, 39.3934
1811.3888, 39.3939
1815.4253, 39.596
1819.4618, 39.5966
1823.4983, 39.5971
1827.5348, 39.7992
1831.5714, 40.0014
1835.6078, 40.2036
1839.6444, 40.204
1843.6808, 40.4062
1847.7174, 40.6084
1851.754, 40.8105
1855.7905, 40.811
1859.827, 41.0132
1863.8635, 41.2153
1867.9, 41.2158
1871.9365, 41.418
1875.9731, 41.4184
1880.0096, 41.6206
1884.0461, 41.8228
1888.0827, 42.025
1892.1192, 42.0255
1896.1557, 42.2276
1900.1922, 42.4298
1904.2287, 42.632
1908.2652, 42.6324
1912.3018, 42.8346
1916.3383, 43.0368
1920.3748, 43.2389
1924.4113, 43.4411
1928.4479, 43.4416
1932.4844, 43.6438
1936.5209, 43.6442
1940.5574, 44.0481
1944.5939, 44.2503
1948.6305, 44.4524
1952.667, 44.4529
1956.7035, 44.8567
1960.74, 45.0589
1964.7765, 45.261
1968.8131, 45.6649
1972.8496, 45.8671
1976.886, 45.8676
1980.9226, 46.0697
1984.9592, 46.4736
1988.9957, 46.6757
1993.0322, 46.8779
1997.0687, 47.0801
2001.1052, 47.6856
2005.1418, 47.8878
2009.1783, 48.0899
2013.2147, 48.4938
2017.2513, 48.8976
2021.2878, 49.3014
2025.3244, 49.907
2029.3609, 51.1176
2033.3974, 51.5213
2033.3974, 51.7231
