#DataThief C:\Users\heinc\Documents\lake data\hypsography\MODFLOW plainfield inset\buffer lakes\curve\stratton.png Sunday 7-Nov-2021 10:38:44 AM
87.8311, 0.9995
89.1824, 0.9992
90.5338, 0.9989
91.8851, 0.9986
93.2365, 0.9982
94.5878, 0.9979
95.9392, 0.9976
97.2906, 0.9973
98.6419, 0.9969
99.9933, 0.9967
101.3446, 0.9964
102.696, 0.9961
104.0473, 0.9958
105.3987, 0.9955
106.75, 0.9952
108.1, 1.1988
109.4514, 1.1984
110.8027, 1.1981
112.1541, 1.1978
113.5053, 1.1975
114.8568, 1.1972
116.2081, 1.1969
117.5594, 1.1966
118.9108, 1.1963
120.2622, 1.196
121.6135, 1.1957
122.9649, 1.1954
124.3162, 1.1951
125.6676, 1.1948
127.019, 1.1945
128.3703, 1.1942
129.7217, 1.1939
131.073, 1.1936
132.4243, 1.1932
133.7757, 1.1929
135.1271, 1.1926
136.4784, 1.1923
137.8298, 1.192
139.1811, 1.1917
140.5325, 1.1914
141.8838, 1.1911
143.2352, 1.1908
144.5866, 1.1905
145.9379, 1.1902
147.2893, 1.1899
148.6406, 1.1896
149.992, 1.1893
151.3433, 1.189
152.6947, 1.1887
154.0446, 1.3921
155.396, 1.3919
156.7473, 1.3916
158.0987, 1.3913
159.4501, 1.391
160.8014, 1.3907
162.1528, 1.3904
163.5041, 1.3901
164.8555, 1.3898
166.2068, 1.3895
167.5582, 1.3892
168.9095, 1.3889
170.2609, 1.3885
171.6122, 1.3881
172.9636, 1.3879
174.3149, 1.3876
175.6663, 1.3873
177.0177, 1.387
178.369, 1.3867
179.7204, 1.3864
181.0717, 1.386
182.4231, 1.3858
183.773, 1.5894
185.1244, 1.5891
186.4758, 1.5887
187.8271, 1.5884
189.1785, 1.588
190.5298, 1.5878
191.8812, 1.5875
193.2325, 1.5872
194.5838, 1.5869
195.9352, 1.5866
197.2866, 1.5863
198.6379, 1.5859
199.9893, 1.5857
201.3406, 1.5854
202.692, 1.5851
204.0433, 1.5848
205.3933, 1.7883
206.7447, 1.788
208.096, 1.7877
209.4474, 1.7873
210.7987, 1.7871
212.1501, 1.7868
213.5013, 1.7865
214.8528, 1.7862
216.2028, 1.9898
217.5541, 1.9895
218.9055, 1.9891
220.2568, 1.9888
221.6082, 1.9885
222.9595, 1.9882
224.3109, 1.9879
225.6622, 1.9876
227.0136, 1.9872
228.365, 1.987
229.7163, 1.9867
231.0677, 1.9864
232.419, 1.9861
233.7704, 1.9858
235.1217, 1.9855
236.4731, 1.9851
237.8244, 1.9849
239.1743, 2.1884
240.5258, 2.1881
241.8771, 2.1878
243.2285, 2.1875
244.5798, 2.1872
245.9312, 2.1869
247.2825, 2.1865
248.6324, 2.3902
249.9839, 2.3899
251.3352, 2.3895
252.6865, 2.3892
254.0379, 2.3889
255.3879, 2.5925
256.7391, 2.5922
258.0906, 2.5918
259.4419, 2.5916
260.7933, 2.5913
262.1433, 2.7948
263.4946, 2.7945
264.846, 2.7942
266.1973, 2.7939
267.5487, 2.7936
268.9, 2.7933
270.2514, 2.793
271.6028, 2.7927
272.9527, 2.9963
274.3041, 2.996
275.6554, 2.9957
277.0068, 2.9954
278.358, 2.995
279.7095, 2.9947
281.0594, 3.1983
282.4108, 3.198
283.7622, 3.1977
285.1135, 3.1974
286.4635, 3.401
287.8149, 3.4007
289.1662, 3.4003
290.5175, 3.4
291.8689, 3.3997
293.2203, 3.3994
294.5703, 3.603
295.9216, 3.6027
297.273, 3.6024
298.6242, 3.6021
299.9757, 3.6018
301.3256, 3.8053
302.677, 3.805
304.0283, 3.8047
305.3797, 3.8044
306.7311, 3.8041
308.0824, 3.8037
309.4324, 4.0074
310.7837, 4.0071
312.1351, 4.0068
313.4864, 4.0065
314.8378, 4.0062
316.1878, 4.2097
317.5391, 4.2094
318.8904, 4.2091
320.2418, 4.2088
321.5932, 4.2085
322.9445, 4.2082
324.2959, 4.2079
325.6459, 4.4115
326.9971, 4.4111
328.3486, 4.4108
329.6999, 4.4104
331.0513, 4.4102
332.4026, 4.4099
333.7526, 4.6135
335.104, 4.6132
336.4553, 4.6129
337.8067, 4.6126
339.158, 4.6122
340.508, 4.8157
341.8594, 4.8155
343.2107, 4.8152
344.5621, 4.8149
345.9134, 4.8146
347.2648, 4.8143
348.616, 4.814
349.9661, 5.0176
351.3175, 5.0173
352.6688, 5.017
354.0202, 5.0166
355.3715, 5.0163
356.7229, 5.016
358.0742, 5.0157
359.4242, 5.2193
360.7755, 5.219
362.1269, 5.2187
363.4783, 5.2184
364.8296, 5.2181
366.1796, 5.4216
367.5309, 5.4213
368.8822, 5.421
370.2336, 5.4207
371.585, 5.4203
372.9364, 5.4201
374.2877, 5.4198
375.6377, 5.6234
376.9889, 5.6231
378.3404, 5.6228
379.6917, 5.6225
381.0431, 5.6221
382.3944, 5.6218
383.7458, 5.6215
385.0972, 5.6212
386.4485, 5.6209
387.7999, 5.6206
389.1512, 5.6202
390.5026, 5.62
391.8538, 5.6197
393.2039, 5.8233
394.5553, 5.823
395.9066, 5.8227
397.258, 5.8223
398.6093, 5.822
399.9607, 5.8216
401.312, 5.8214
402.6634, 5.8211
404.0133, 6.0247
405.3647, 6.0244
406.7161, 6.0241
408.0674, 6.0238
409.4188, 6.0235
410.7687, 6.227
412.1201, 6.2267
413.4714, 6.2264
414.8228, 6.2261
416.1741, 6.2258
417.5255, 6.2255
418.8769, 6.2252
420.2282, 6.2248
421.5796, 6.2246
422.9308, 6.2243
424.2823, 6.224
425.6336, 6.2237
426.9836, 6.4272
428.335, 6.4269
429.6863, 6.4266
431.0377, 6.4263
432.389, 6.426
433.7404, 6.4257
435.0917, 6.4254
436.4431, 6.4251
437.7944, 6.4248
439.1458, 6.4245
440.4971, 6.4242
441.8471, 6.6277
443.1985, 6.6274
444.5497, 6.6271
445.9012, 6.6268
447.2525, 6.6265
448.6038, 6.6261
449.9552, 6.6259
451.3052, 6.8295
452.6566, 6.8292
454.0079, 6.8289
455.3593, 6.8286
456.7106, 6.8282
458.062, 6.8279
459.4133, 6.8276
460.7647, 6.8273
462.1147, 7.0309
463.466, 7.0306
464.8174, 7.0303
466.1687, 7.03
467.5201, 7.0297
468.8714, 7.0294
470.2227, 7.0291
471.5741, 7.0288
472.9241, 7.2323
474.2755, 7.232
475.6268, 7.2317
476.9782, 7.2314
478.3295, 7.2311
479.6808, 7.2308
481.0322, 7.2305
482.3836, 7.2302
483.7349, 7.2299
485.0849, 7.4334
486.4363, 7.4331
487.7875, 7.4328
489.139, 7.4325
490.4903, 7.4322
491.8417, 7.4319
493.193, 7.4316
494.5444, 7.4313
495.8957, 7.431
497.2457, 7.6346
498.5971, 7.6343
499.9484, 7.6339
501.2984, 7.8375
502.6497, 7.8372
504.0011, 7.8369
505.3525, 7.8366
506.7038, 7.8363
508.0552, 7.8359
509.4064, 7.8357
510.7579, 7.8354
512.1092, 7.8351
513.4592, 8.0386
514.8106, 8.0383
516.1619, 8.038
517.5133, 8.0377
518.8646, 8.0374
520.216, 8.0371
521.5673, 8.0368
522.9173, 8.2404
524.2686, 8.2401
525.62, 8.2398
526.9714, 8.2394
528.3227, 8.2391
529.6726, 8.4426
531.024, 8.4424
532.3754, 8.4421
533.7267, 8.4418
535.0781, 8.4415
536.4295, 8.4412
537.7793, 8.6447
539.1308, 8.6444
540.4821, 8.6441
541.8335, 8.6438
543.1848, 8.6435
544.5348, 8.8471
545.8862, 8.8468
547.2375, 8.8465
548.5889, 8.8462
549.9402, 8.8458
551.2902, 9.0493
552.6416, 9.0491
553.9929, 9.0488
555.3443, 9.0485
556.6942, 9.2521
558.0456, 9.2518
559.3969, 9.2515
560.7483, 9.2511
562.0997, 9.2509
563.451, 9.2505
564.801, 9.4541
566.1522, 9.4538
567.5037, 9.4535
568.855, 9.4532
570.2064, 9.4529
571.5577, 9.4526
572.9091, 9.4523
574.2591, 9.6558
575.6104, 9.6555
576.9618, 9.6552
578.3131, 9.6549
579.6631, 9.8585
581.0145, 9.8582
582.3658, 9.8578
583.7172, 9.8576
585.0672, 10.0611
586.4184, 10.0608
587.7699, 10.0605
589.1212, 10.0602
590.4726, 10.0599
591.8239, 10.0596
593.1753, 10.0593
594.5253, 10.2629
595.8766, 10.2626
597.228, 10.2623
598.5793, 10.262
599.9306, 10.2617
601.2806, 10.4652
602.632, 10.4649
603.9832, 10.4646
605.3347, 10.4643
606.6846, 10.6679
608.036, 10.6676
609.3874, 10.6673
610.7387, 10.667
612.0887, 10.8705
613.4401, 10.8702
614.7913, 10.8699
616.1428, 10.8696
617.4941, 10.8693
618.8441, 11.0729
620.1955, 11.0726
621.5468, 11.0723
622.8982, 11.0719
624.2495, 11.0716
625.5995, 11.2752
626.9508, 11.2749
628.3022, 11.2746
629.6536, 11.2743
631.0035, 11.4779
632.3549, 11.4776
633.7062, 11.4772
635.0576, 11.4769
636.4076, 11.6804
637.7589, 11.6802
639.1103, 11.6799
640.4616, 11.6796
641.813, 11.6793
643.1643, 11.679
644.5143, 11.8824
645.8657, 11.8822
647.2156, 12.0858
648.567, 12.0855
649.9183, 12.0852
651.2697, 12.0849
652.6211, 12.0846
653.971, 12.2881
655.3224, 12.2878
656.6737, 12.2875
658.0251, 12.2872
659.3764, 12.2869
660.7278, 12.2866
662.0778, 12.4902
663.4291, 12.4899
664.7805, 12.4896
666.1305, 12.6931
667.4818, 12.6928
668.8317, 12.8963
670.1831, 12.8961
671.5345, 12.8958
672.8845, 13.0994
674.2358, 13.0991
675.5872, 13.0987
676.9385, 13.0984
678.2899, 13.0981
679.6412, 13.0977
680.9912, 13.3014
682.3426, 13.3011
683.6939, 13.3008
685.0439, 13.5044
686.3952, 13.504
687.7466, 13.5037
689.0966, 13.7073
690.4479, 13.7069
691.7993, 13.7067
693.1493, 13.9102
694.5006, 13.91
695.8519, 13.9096
697.2019, 14.1132
698.5533, 14.1129
699.9045, 14.1126
701.2546, 14.3162
702.6059, 14.3159
703.9559, 14.5194
705.3073, 14.5191
706.6587, 14.5188
708.01, 14.5185
709.3599, 14.7221
710.7113, 14.7218
712.0613, 14.9253
713.4127, 14.925
714.764, 14.9247
716.114, 15.1283
717.4654, 15.128
718.8167, 15.1277
720.1681, 15.1274
721.518, 15.331
722.8694, 15.3306
724.2194, 15.5342
725.5707, 15.5339
726.9207, 15.7375
728.272, 15.7372
729.6219, 15.9407
730.9734, 15.9404
732.3247, 15.9401
733.6761, 15.9398
735.0261, 16.1434
736.3774, 16.1431
737.7274, 16.3466
739.0787, 16.3463
740.4287, 16.5499
741.7801, 16.5495
743.1314, 16.5493
744.4814, 16.7529
745.8328, 16.7526
747.1827, 16.9561
748.5341, 16.9558
749.8841, 17.1594
751.2354, 17.1591
752.5854, 17.3626
753.9367, 17.3623
755.2867, 17.5659
756.6381, 17.5655
757.988, 17.7692
759.3394, 17.7689
760.6894, 17.9724
762.0407, 17.9721
763.3921, 17.9718
764.7421, 18.1754
766.0934, 18.1751
767.4434, 18.3787
768.7947, 18.3783
770.1447, 18.5819
771.4961, 18.5816
772.846, 18.7852
774.1974, 18.7849
775.5474, 18.9884
776.8987, 18.9881
778.2487, 19.1917
779.6, 19.1914
780.95, 19.395
782.3014, 19.3947
783.6514, 19.5981
785.0027, 19.5979
786.3527, 19.8014
787.704, 19.8012
789.054, 20.0047
790.4054, 20.0044
791.7553, 20.208
793.1053, 20.4116
794.4567, 20.4113
795.8067, 20.6148
797.1566, 20.8184
798.508, 20.8181
799.858, 21.0217
801.2093, 21.0214
802.5593, 21.2248
803.9106, 21.2246
805.2606, 21.4282
806.6106, 21.6318
807.9619, 21.6315
809.3119, 21.835
810.6633, 21.8347
812.0133, 22.0383
813.3632, 22.2418
814.7132, 22.4454
816.0646, 22.4451
817.4144, 22.6487
818.7659, 22.6484
820.1159, 22.8519
821.4658, 23.0555
822.8172, 23.0552
824.1658, 23.4626
825.5158, 23.6662
826.8643, 24.0737
828.2143, 24.2772
829.5657, 24.2769
830.9143, 24.6844
832.2643, 24.8879
833.6141, 25.0915
834.9628, 25.4989
836.3128, 25.7025
837.6614, 26.1099
839.0114, 26.3135
840.3614, 26.5171
841.7086, 27.1284
843.0572, 27.5358
844.4072, 27.7393
845.7503, 28.9623
847.0947, 29.9814
848.4351, 31.612
849.7781, 32.835
851.1199, 34.2618
852.4616, 35.6886
853.7991, 37.7271
855.1421, 38.95
856.4839, 40.3768
857.8284, 41.3959
857.8284, 41.3959
