#DataThief C:\Users\heinc\Documents\lake data\hypsography\MODFLOW plainfield inset\buffer lakes\curve\Twin182300waushara.png Sunday 7-Nov-2021 10:40:18 AM
86.3675, 0.8873
87.0432, 0.8873
87.7189, 0.8872
88.3945, 0.8871
89.0702, 0.8871
89.7459, 0.887
90.4216, 0.8869
91.0972, 0.8869
91.7729, 0.8868
92.4485, 0.8867
93.1242, 0.8866
93.7999, 0.8866
94.4779, 0.9272
95.1536, 0.9272
95.8292, 0.9271
96.5049, 0.927
97.1806, 0.927
97.8585, 0.9676
98.5342, 0.9676
99.2099, 0.9675
99.8856, 0.9674
100.5612, 0.9674
101.2368, 0.9673
101.9125, 0.9672
102.5882, 0.967
103.2639, 0.967
103.9396, 0.967
104.6153, 0.9668
105.2909, 0.9668
105.9689, 1.0075
106.6446, 1.0075
107.3202, 1.0074
107.9959, 1.0073
108.6716, 1.0073
109.3473, 1.0072
110.0229, 1.0071
110.6985, 1.0071
111.3743, 1.007
112.0499, 1.0069
112.7256, 1.0069
113.4013, 1.0068
114.077, 1.0067
114.7526, 1.0066
115.4283, 1.0066
116.1063, 1.0472
116.7819, 1.0472
117.4576, 1.0471
118.1333, 1.047
118.809, 1.047
119.4846, 1.0469
120.1602, 1.0468
120.8359, 1.0468
121.5116, 1.0467
122.1873, 1.0466
122.863, 1.0466
123.5387, 1.0465
124.2166, 1.0871
124.8923, 1.0871
125.568, 1.087
126.2436, 1.0869
126.9193, 1.0869
127.5973, 1.1275
128.2729, 1.1275
128.9485, 1.1274
129.6242, 1.1273
130.3, 1.1273
130.9756, 1.1272
131.6513, 1.1271
132.327, 1.1271
133.0026, 1.127
133.6806, 1.1676
134.3563, 1.1676
135.032, 1.1675
135.7076, 1.1674
136.3833, 1.1674
137.059, 1.1673
137.7346, 1.1672
138.4102, 1.1672
139.086, 1.1671
139.764, 1.2078
140.4396, 1.2077
141.1153, 1.2076
141.791, 1.2076
142.4689, 1.2482
143.1446, 1.2482
143.8203, 1.2481
144.4959, 1.248
145.1716, 1.2479
145.8473, 1.2479
146.523, 1.2478
147.1985, 1.2477
147.8766, 1.2884
148.5523, 1.2883
149.2279, 1.2883
149.9036, 1.2882
150.5793, 1.2881
151.255, 1.2881
151.9306, 1.288
152.6063, 1.2879
153.2843, 1.3286
153.9599, 1.3285
154.6356, 1.3284
155.3113, 1.3284
155.987, 1.3283
156.6625, 1.3282
157.3383, 1.3282
158.014, 1.3281
158.6919, 1.3688
159.3676, 1.3687
160.0433, 1.3686
160.7189, 1.3686
161.3946, 1.3685
162.0726, 1.4092
162.7483, 1.4091
163.4239, 1.409
164.0996, 1.409
164.7776, 1.4496
165.4532, 1.4495
166.1289, 1.4495
166.8046, 1.4494
167.4803, 1.4493
168.1559, 1.4493
168.8338, 1.4899
169.5096, 1.4899
170.1852, 1.4898
170.8609, 1.4897
171.5366, 1.4897
172.2123, 1.4896
172.8902, 1.5303
173.5659, 1.5302
174.2416, 1.5301
174.9172, 1.53
175.5929, 1.53
176.2709, 1.5706
176.9465, 1.5706
177.6221, 1.5705
178.3002, 1.6112
178.9759, 1.6111
179.6515, 1.611
180.3272, 1.611
181.0029, 1.6109
181.6785, 1.6108
182.3565, 1.6515
183.0322, 1.6514
183.7078, 1.6514
184.3835, 1.6513
185.0592, 1.6512
185.7349, 1.6511
186.4104, 1.6511
187.0885, 1.6917
187.7642, 1.6917
188.4398, 1.6916
189.1155, 1.6915
189.7934, 1.7322
190.4692, 1.7321
191.1448, 1.7321
191.8205, 1.732
192.4985, 1.7727
193.1741, 1.7726
193.8498, 1.7725
194.5255, 1.7725
195.2011, 1.7724
195.8768, 1.7723
196.5548, 1.813
197.2305, 1.8129
197.9061, 1.8128
198.5817, 1.8128
199.2575, 1.8127
199.9354, 1.8534
200.6111, 1.8533
201.2868, 1.8532
201.9625, 1.8532
202.6404, 1.8938
203.3161, 1.8938
203.9918, 1.8937
204.6674, 1.8936
205.3454, 1.9343
206.0211, 1.9342
206.6966, 1.9341
207.3724, 1.9341
208.0481, 1.934
208.7238, 1.9339
209.4017, 1.9746
210.0774, 1.9745
210.753, 1.9745
211.4287, 1.9744
212.1044, 1.9743
212.7824, 2.015
213.458, 2.0149
214.1337, 2.0149
214.8094, 2.0148
215.4851, 2.0147
216.163, 2.0554
216.8387, 2.0553
217.5144, 2.0552
218.19, 2.0552
218.8679, 2.0958
219.5436, 2.0958
220.2194, 2.0957
220.895, 2.0956
221.5707, 2.0956
222.2487, 2.1362
222.9243, 2.1362
223.6, 2.136
224.2757, 2.136
224.9513, 2.136
225.6293, 2.1766
226.305, 2.1764
226.9807, 2.1764
227.6562, 2.1764
228.3343, 2.2171
229.01, 2.217
229.6856, 2.2169
230.3613, 2.2169
231.0393, 2.2575
231.7149, 2.2575
232.3906, 2.2574
233.0663, 2.2572
233.7443, 2.298
234.4199, 2.2979
235.0956, 2.2979
235.7713, 2.2978
236.4469, 2.2977
237.1226, 2.2976
237.8006, 2.3383
238.4763, 2.3382
239.1519, 2.3382
239.8276, 2.3381
240.5056, 2.3788
241.1812, 2.3787
241.8592, 2.4194
242.5349, 2.4193
243.2105, 2.4192
243.8862, 2.4192
244.5619, 2.4191
245.2399, 2.4598
245.9155, 2.4597
246.5912, 2.4596
247.2669, 2.4595
247.9447, 2.5002
248.6205, 2.5001
249.2962, 2.5001
249.9718, 2.5
250.6475, 2.4999
251.3255, 2.5406
252.0012, 2.5405
252.6768, 2.5405
253.3548, 2.5811
254.0305, 2.5811
254.7061, 2.581
255.3841, 2.6217
256.0598, 2.6216
256.7354, 2.6215
257.4111, 2.6214
258.0868, 2.6214
258.7648, 2.662
259.4404, 2.662
260.1161, 2.6619
260.7917, 2.6618
261.4697, 2.7025
262.1454, 2.7024
262.8211, 2.7024
263.499, 2.7429
264.1747, 2.7429
264.8504, 2.7429
265.5261, 2.7428
266.204, 2.7835
266.8797, 2.7833
267.5554, 2.7833
268.231, 2.7833
268.909, 2.8239
269.5847, 2.8239
270.2603, 2.8237
270.936, 2.8237
271.6139, 2.8643
272.2897, 2.8643
272.9676, 2.905
273.6433, 2.9049
274.319, 2.9049
274.9946, 2.9048
275.6703, 2.9047
276.3483, 2.9454
277.0239, 2.9453
277.6996, 2.9452
278.3776, 2.9859
279.0533, 2.9858
279.7288, 2.9858
280.4069, 3.0264
281.0826, 3.0264
281.7582, 3.0263
282.4362, 3.067
283.1118, 3.0669
283.7875, 3.0668
284.4632, 3.0668
285.1412, 3.1074
285.8169, 3.1074
286.4925, 3.1073
287.1682, 3.1072
287.8462, 3.1479
288.5218, 3.1478
289.1975, 3.1477
289.8755, 3.1884
290.5511, 3.1883
291.2268, 3.1883
291.9048, 3.2288
292.5805, 3.2288
293.2561, 3.2288
293.9318, 3.2287
294.6098, 3.2694
295.2854, 3.2692
295.9611, 3.2692
296.6391, 3.3099
297.3147, 3.3098
297.9904, 3.3098
298.6684, 3.3504
299.3441, 3.3504
300.0197, 3.3503
300.6954, 3.3502
301.3734, 3.3909
302.049, 3.3908
302.7247, 3.3908
303.4003, 3.3907
304.0783, 3.4314
304.754, 3.4313
305.4297, 3.4312
306.1077, 3.4719
306.7833, 3.4718
307.459, 3.4717
308.1347, 3.4717
308.8103, 3.4716
309.4883, 3.5123
310.164, 3.5122
310.8396, 3.5121
311.5175, 3.5528
312.1933, 3.5527
312.869, 3.5527
313.5469, 3.5933
314.2226, 3.5933
314.8982, 3.5932
315.5739, 3.5931
316.2519, 3.6338
316.9276, 3.6337
317.6032, 3.6336
318.2812, 3.6743
318.9569, 3.6742
319.6326, 3.6742
320.3105, 3.7147
320.9862, 3.7147
321.6619, 3.7147
322.3375, 3.7146
323.0155, 3.7553
323.6912, 3.7551
324.3668, 3.7551
325.0425, 3.7551
325.7205, 3.7957
326.3961, 3.7957
327.0718, 3.7955
327.7475, 3.7955
328.4255, 3.8362
329.1011, 3.8361
329.7768, 3.8361
330.4548, 3.8767
331.1304, 3.8767
331.8061, 3.8766
332.4841, 3.9173
333.1598, 3.9172
333.8354, 3.9171
334.511, 3.9171
335.1891, 3.9577
335.8647, 3.9577
336.5404, 3.9576
337.2184, 3.9982
337.894, 3.9982
338.572, 4.0388
339.2477, 4.0388
339.9234, 4.0387
340.599, 4.0386
341.2747, 4.0386
341.9527, 4.0792
342.6282, 4.0792
343.304, 4.0791
343.982, 4.1198
344.6576, 4.1197
345.3333, 4.1196
346.009, 4.1196
346.6869, 4.1602
347.3649, 4.2009
348.0406, 4.2008
348.7163, 4.2006
349.3919, 4.2006
350.0699, 4.2413
350.7456, 4.2413
351.4212, 4.2412
352.0969, 4.2411
352.7749, 4.2818
353.4505, 4.2817
354.1262, 4.2817
354.8042, 4.3223
355.4799, 4.3223
356.1578, 4.3629
356.8335, 4.3628
357.5091, 4.3628
358.1871, 4.4034
358.8628, 4.4034
359.5385, 4.4033
360.2141, 4.4032
360.8898, 4.4032
361.5678, 4.4438
362.2435, 4.4438
362.9191, 4.4437
363.5948, 4.4436
364.2728, 4.4843
364.9506, 4.525
365.6263, 4.5249
366.3021, 4.5248
366.98, 4.5655
367.6557, 4.5654
368.3314, 4.5653
369.0093, 4.6059
369.685, 4.6059
370.3607, 4.6059
371.0387, 4.6465
371.7143, 4.6465
372.39, 4.6463
373.068, 4.6871
373.7436, 4.687
374.4193, 4.6869
375.0973, 4.7276
375.7729, 4.7275
376.4485, 4.7274
377.1266, 4.7681
377.8023, 4.768
378.4779, 4.768
379.1559, 4.8086
379.8316, 4.8086
380.5095, 4.8492
381.1852, 4.8492
381.8609, 4.8491
382.5365, 4.849
383.2145, 4.8897
383.8902, 4.8896
384.5681, 4.9303
385.2438, 4.9302
385.9195, 4.9302
386.5975, 4.9708
387.2731, 4.9707
387.951, 5.0114
388.6268, 5.0113
389.3024, 5.0113
389.9804, 5.0519
390.6561, 5.0519
391.3317, 5.0518
392.0097, 5.0925
392.6854, 5.0924
393.3611, 5.0923
394.039, 5.133
394.7147, 5.1329
395.3927, 5.1736
396.0683, 5.1735
396.744, 5.1734
397.422, 5.2141
398.0976, 5.214
398.7755, 5.2547
399.4513, 5.2546
400.1269, 5.2546
400.8026, 5.2545
401.4806, 5.2952
402.1585, 5.3357
402.8342, 5.3357
403.5099, 5.3357
404.1879, 5.3764
404.8635, 5.3763
405.5415, 5.417
406.2172, 5.4169
406.8928, 5.4168
407.5708, 5.4575
408.2465, 5.4574
408.9243, 5.4981
409.6, 5.498
410.2781, 5.5387
410.9537, 5.5386
411.6317, 5.5793
412.3074, 5.5792
412.983, 5.5791
413.661, 5.6198
414.3367, 5.6197
415.0147, 5.6604
415.6903, 5.6602
416.3683, 5.701
417.044, 5.7008
417.7219, 5.7416
418.3976, 5.7415
419.0756, 5.7822
419.7534, 5.8228
420.4292, 5.8228
421.1049, 5.8227
421.7828, 5.8634
422.4585, 5.8633
423.1365, 5.904
423.8122, 5.9039
424.4901, 5.9445
425.1681, 5.9851
425.8437, 5.9851
426.5217, 6.0258
427.1974, 6.0257
427.8754, 6.0664
428.551, 6.0663
429.229, 6.107
429.9047, 6.1069
430.5826, 6.1476
431.2606, 6.1883
431.9363, 6.1882
432.6141, 6.2288
433.2899, 6.2288
433.9679, 6.2695
434.6435, 6.2694
435.3215, 6.31
435.9995, 6.3507
436.6751, 6.3506
437.3508, 6.3506
438.0288, 6.3912
438.7067, 6.4319
439.3824, 6.4318
440.0604, 6.4725
440.7361, 6.4724
441.414, 6.5131
442.0897, 6.513
442.7677, 6.5537
443.4456, 6.5944
444.1213, 6.5943
444.7993, 6.6349
445.4772, 6.6756
446.1529, 6.6755
446.8309, 6.7162
447.5088, 6.7569
448.1844, 6.7568
448.8625, 6.7974
449.5404, 6.838
450.2161, 6.838
450.8941, 6.8787
451.5697, 6.8787
452.2477, 6.9193
452.9257, 6.96
453.6036, 7.0007
454.2793, 7.0006
454.9573, 7.0412
455.6329, 7.0412
456.3109, 7.0818
456.9889, 7.1225
457.6667, 7.1632
458.3425, 7.1631
459.0205, 7.2038
459.6962, 7.2037
460.374, 7.2444
461.0544, 7.3258
461.7301, 7.3256
462.4057, 7.3256
463.0836, 7.3663
463.7617, 7.4069
464.4396, 7.4476
465.1176, 7.4883
465.7933, 7.4882
466.4712, 7.5289
467.1492, 7.5695
467.8272, 7.6101
468.5028, 7.6101
469.1808, 7.6508
469.8588, 7.6915
470.5367, 7.7321
471.2147, 7.7728
471.8925, 7.8135
472.5683, 7.8134
473.2463, 7.854
473.9243, 7.8947
474.6021, 7.9354
475.2802, 7.976
475.9581, 8.0167
476.636, 8.0574
477.3141, 8.098
477.992, 8.1387
478.67, 8.1794
479.3479, 8.22
480.0259, 8.2607
480.7016, 8.2606
481.3819, 8.342
482.0598, 8.3827
482.7424, 8.5048
483.4203, 8.5455
484.0983, 8.5861
484.7786, 8.6675
485.4565, 8.7082
486.1368, 8.7896
486.8148, 8.8303
487.495, 8.9117
488.1753, 8.9931
488.8533, 9.0337
489.5312, 9.0744
490.2115, 9.1558
490.8894, 9.1964
491.5697, 9.2778
492.2477, 9.3185
492.9279, 9.3999
493.6082, 9.4813
494.2861, 9.522
494.9664, 9.6034
495.6467, 9.6848
496.3246, 9.7254
497.0049, 9.8068
497.6851, 9.8881
498.3654, 9.9696
498.3677, 10.0103
499.0457, 10.051
499.7259, 10.1324
500.4039, 10.1731
501.0841, 10.2545
501.7621, 10.2951
502.447, 10.458
503.1272, 10.5394
503.8098, 10.6615
504.4877, 10.7022
505.1726, 10.8651
505.8551, 10.9872
506.5354, 11.0686
507.2134, 11.1092
507.9005, 11.3128
508.5831, 11.435
509.261, 11.4756
509.9459, 11.6385
510.6307, 11.8014
511.3155, 11.9642
511.9981, 12.0864
512.6852, 12.29
513.3747, 12.5343
514.0618, 12.7379
514.7398, 12.7785
515.4223, 12.9007
